Channel number	Impulses
Channel/#	Impulses/#

0	0
1	0
2	0
3	0
4	0
5	0
6	0
7	0
8	0
9	0
10	0
11	0
12	0
13	0
14	0
15	0
16	0
17	0
18	0
19	0
20	0
21	0
22	0
23	0
24	0
25	0
26	0
27	0
28	0
29	0
30	0
31	0
32	0
33	0
34	0
35	0
36	0
37	0
38	0
39	0
40	0
41	0
42	0
43	0
44	0
45	0
46	0
47	0
48	0
49	0
50	0
51	0
52	0
53	0
54	1
55	0
56	1
57	4
58	4
59	3
60	1
61	7
62	5
63	10
64	4
65	5
66	4
67	7
68	9
69	3
70	6
71	3
72	7
73	3
74	5
75	2
76	8
77	13
78	6
79	3
80	2
81	11
82	8
83	5
84	6
85	8
86	5
87	7
88	9
89	10
90	4
91	5
92	7
93	6
94	13
95	8
96	5
97	9
98	7
99	5
100	8
101	3
102	5
103	4
104	5
105	2
106	4
107	7
108	11
109	7
110	6
111	7
112	8
113	2
114	8
115	7
116	5
117	6
118	6
119	10
120	4
121	6
122	3
123	5
124	4
125	5
126	4
127	5
128	2
129	6
130	10
131	9
132	6
133	6
134	8
135	9
136	6
137	2
138	7
139	7
140	8
141	7
142	7
143	7
144	5
145	7
146	10
147	5
148	4
149	3
150	7
151	2
152	9
153	5
154	4
155	6
156	10
157	6
158	10
159	9
160	1
161	3
162	4
163	6
164	7
165	3
166	6
167	4
168	6
169	5
170	6
171	7
172	5
173	9
174	8
175	7
176	0
177	5
178	6
179	4
180	3
181	3
182	4
183	6
184	4
185	4
186	3
187	7
188	2
189	4
190	7
191	5
192	0
193	6
194	6
195	5
196	8
197	1
198	5
199	5
200	5
201	5
202	2
203	6
204	8
205	4
206	2
207	2
208	6
209	3
210	3
211	3
212	5
213	2
214	9
215	3
216	3
217	4
218	2
219	7
220	4
221	1
222	4
223	7
224	5
225	4
226	8
227	0
228	4
229	5
230	3
231	4
232	3
233	6
234	3
235	5
236	2
237	3
238	7
239	7
240	3
241	2
242	5
243	6
244	3
245	8
246	6
247	8
248	6
249	4
250	5
251	4
252	2
253	4
254	4
255	8
256	0
257	1
258	3
259	4
260	4
261	3
262	5
263	4
264	0
265	5
266	3
267	2
268	9
269	6
270	4
271	3
272	0
273	4
274	3
275	5
276	7
277	3
278	10
279	4
280	6
281	3
282	4
283	8
284	2
285	1
286	2
287	5
288	1
289	4
290	3
291	2
292	5
293	2
294	2
295	4
296	2
297	4
298	2
299	2
300	3
301	3
302	5
303	3
304	3
305	2
306	0
307	2
308	1
309	0
310	4
311	3
312	1
313	1
314	6
315	6
316	4
317	6
318	5
319	4
320	0
321	1
322	3
323	5
324	3
325	4
326	6
327	6
328	2
329	3
330	6
331	3
332	1
333	3
334	3
335	5
336	1
337	3
338	0
339	2
340	4
341	4
342	4
343	3
344	5
345	4
346	3
347	1
348	5
349	3
350	2
351	7
352	1
353	3
354	3
355	2
356	4
357	4
358	3
359	3
360	1
361	2
362	2
363	1
364	3
365	4
366	4
367	2
368	3
369	5
370	5
371	4
372	4
373	2
374	3
375	2
376	3
377	3
378	2
379	0
380	3
381	3
382	6
383	8
384	0
385	0
386	5
387	2
388	10
389	6
390	6
391	4
392	3
393	1
394	8
395	2
396	6
397	3
398	3
399	3
400	3
401	4
402	4
403	4
404	6
405	3
406	6
407	0
408	4
409	4
410	3
411	3
412	2
413	6
414	4
415	2
416	1
417	7
418	2
419	3
420	1
421	3
422	2
423	4
424	2
425	2
426	5
427	0
428	2
429	7
430	2
431	4
432	5
433	3
434	5
435	2
436	4
437	5
438	3
439	1
440	2
441	6
442	2
443	1
444	3
445	8
446	7
447	2
448	1
449	2
450	1
451	6
452	2
453	3
454	4
455	1
456	0
457	2
458	0
459	1
460	1
461	3
462	2
463	4
464	5
465	2
466	0
467	1
468	3
469	2
470	1
471	3
472	3
473	1
474	1
475	4
476	3
477	2
478	3
479	5
480	4
481	4
482	2
483	2
484	4
485	6
486	2
487	2
488	3
489	1
490	3
491	3
492	3
493	4
494	2
495	3
496	2
497	4
498	7
499	1
500	6
501	0
502	3
503	1
504	6
505	3
506	2
507	5
508	4
509	2
510	4
511	5
512	0
513	2
514	1
515	5
516	2
517	3
518	4
519	1
520	3
521	4
522	1
523	4
524	2
525	2
526	2
527	4
528	1
529	2
530	4
531	4
532	1
533	2
534	1
535	1
536	5
537	7
538	1
539	1
540	0
541	2
542	1
543	5
544	2
545	2
546	4
547	3
548	2
549	3
550	2
551	2
552	1
553	3
554	4
555	1
556	4
557	3
558	2
559	3
560	3
561	2
562	3
563	3
564	2
565	4
566	0
567	1
568	3
569	2
570	5
571	1
572	1
573	2
574	0
575	3
576	2
577	2
578	3
579	2
580	3
581	2
582	2
583	4
584	7
585	2
586	3
587	1
588	5
589	3
590	1
591	3
592	2
593	2
594	1
595	1
596	3
597	2
598	3
599	1
600	1
601	2
602	2
603	0
604	1
605	2
606	2
607	1
608	1
609	0
610	2
611	2
612	0
613	4
614	2
615	0
616	0
617	4
618	2
619	1
620	1
621	1
622	1
623	2
624	0
625	3
626	3
627	1
628	3
629	1
630	3
631	4
632	1
633	2
634	3
635	3
636	4
637	1
638	3
639	4
640	0
641	2
642	2
643	0
644	1
645	3
646	0
647	3
648	5
649	2
650	2
651	3
652	6
653	4
654	0
655	5
656	1
657	3
658	3
659	1
660	4
661	2
662	4
663	4
664	6
665	6
666	0
667	4
668	2
669	4
670	1
671	3
672	0
673	2
674	0
675	4
676	2
677	2
678	4
679	3
680	2
681	4
682	1
683	2
684	1
685	2
686	1
687	2
688	1
689	4
690	2
691	1
692	5
693	2
694	2
695	4
696	5
697	2
698	1
699	6
700	2
701	4
702	1
703	7
704	1
705	1
706	6
707	1
708	1
709	3
710	3
711	2
712	4
713	2
714	2
715	1
716	3
717	1
718	1
719	2
720	0
721	3
722	1
723	1
724	4
725	2
726	3
727	3
728	0
729	1
730	1
731	6
732	5
733	2
734	2
735	6
736	5
737	2
738	3
739	2
740	5
741	3
742	3
743	2
744	2
745	4
746	7
747	3
748	4
749	1
750	4
751	4
752	4
753	0
754	5
755	1
756	6
757	2
758	4
759	4
760	2
761	2
762	4
763	2
764	2
765	4
766	4
767	10
768	3
769	2
770	3
771	3
772	6
773	3
774	8
775	6
776	2
777	4
778	0
779	7
780	7
781	4
782	4
783	4
784	0
785	5
786	6
787	5
788	4
789	1
790	3
791	9
792	6
793	2
794	5
795	5
796	1
797	2
798	7
799	5
800	5
801	2
802	6
803	7
804	6
805	5
806	9
807	5
808	4
809	1
810	7
811	7
812	5
813	9
814	5
815	4
816	6
817	12
818	7
819	10
820	6
821	5
822	11
823	7
824	4
825	11
826	5
827	2
828	8
829	7
830	8
831	9
832	4
833	4
834	4
835	5
836	10
837	4
838	5
839	5
840	2
841	10
842	8
843	9
844	9
845	12
846	6
847	5
848	4
849	9
850	7
851	6
852	4
853	6
854	8
855	4
856	5
857	10
858	3
859	6
860	9
861	4
862	6
863	5
864	2
865	7
866	2
867	7
868	5
869	2
870	2
871	5
872	5
873	5
874	3
875	5
876	2
877	3
878	4
879	4
880	1
881	3
882	5
883	5
884	2
885	4
886	3
887	3
888	4
889	5
890	4
891	2
892	4
893	0
894	5
895	8
896	1
897	8
898	2
899	5
900	5
901	5
902	6
903	3
904	2
905	7
906	1
907	3
908	5
909	6
910	6
911	5
912	4
913	6
914	3
915	5
916	5
917	3
918	8
919	4
920	3
921	5
922	1
923	7
924	3
925	6
926	6
927	4
928	2
929	4
930	6
931	6
932	5
933	4
934	7
935	1
936	3
937	2
938	7
939	3
940	1
941	2
942	8
943	6
944	4
945	8
946	6
947	0
948	3
949	6
950	6
951	7
952	8
953	8
954	3
955	1
956	10
957	5
958	5
959	4
960	7
961	0
962	6
963	7
964	7
965	3
966	4
967	7
968	5
969	5
970	6
971	3
972	7
973	6
974	7
975	4
976	6
977	3
978	4
979	2
980	7
981	1
982	5
983	7
984	11
985	6
986	3
987	8
988	5
989	6
990	2
991	7
992	4
993	2
994	9
995	1
996	2
997	5
998	9
999	2
1000	6
1001	7
1002	7
1003	1
1004	11
1005	5
1006	8
1007	4
1008	3
1009	5
1010	5
1011	2
1012	4
1013	2
1014	9
1015	5
1016	4
1017	6
1018	4
1019	6
1020	14
1021	5
1022	7
1023	6
1024	2
1025	2
1026	6
1027	7
1028	7
1029	8
1030	4
1031	7
1032	6
1033	11
1034	3
1035	7
1036	5
1037	3
1038	6
1039	13
1040	6
1041	3
1042	4
1043	6
1044	6
1045	11
1046	7
1047	5
1048	5
1049	3
1050	4
1051	5
1052	6
1053	2
1054	4
1055	11
1056	3
1057	7
1058	8
1059	6
1060	10
1061	6
1062	9
1063	4
1064	5
1065	4
1066	5
1067	3
1068	11
1069	7
1070	7
1071	7
1072	5
1073	3
1074	7
1075	7
1076	1
1077	4
1078	9
1079	5
1080	7
1081	4
1082	6
1083	12
1084	3
1085	6
1086	4
1087	8
1088	3
1089	5
1090	4
1091	7
1092	11
1093	5
1094	7
1095	7
1096	4
1097	6
1098	6
1099	4
1100	7
1101	4
1102	6
1103	9
1104	5
1105	6
1106	5
1107	10
1108	5
1109	3
1110	11
1111	4
1112	6
1113	7
1114	7
1115	6
1116	2
1117	11
1118	6
1119	13
1120	6
1121	3
1122	11
1123	3
1124	10
1125	4
1126	9
1127	9
1128	3
1129	10
1130	10
1131	7
1132	6
1133	7
1134	4
1135	4
1136	3
1137	5
1138	1
1139	3
1140	8
1141	6
1142	5
1143	1
1144	5
1145	8
1146	4
1147	5
1148	6
1149	8
1150	10
1151	7
1152	1
1153	3
1154	5
1155	11
1156	1
1157	7
1158	7
1159	6
1160	7
1161	6
1162	5
1163	7
1164	11
1165	7
1166	9
1167	5
1168	9
1169	8
1170	6
1171	8
1172	5
1173	6
1174	7
1175	9
1176	4
1177	5
1178	5
1179	11
1180	6
1181	11
1182	5
1183	8
1184	8
1185	7
1186	7
1187	5
1188	7
1189	8
1190	14
1191	6
1192	10
1193	12
1194	10
1195	7
1196	14
1197	9
1198	10
1199	9
1200	7
1201	10
1202	10
1203	8
1204	7
1205	7
1206	11
1207	8
1208	4
1209	6
1210	5
1211	11
1212	10
1213	7
1214	13
1215	11
1216	4
1217	16
1218	8
1219	11
1220	14
1221	5
1222	12
1223	5
1224	13
1225	17
1226	4
1227	10
1228	7
1229	11
1230	11
1231	8
1232	9
1233	6
1234	4
1235	18
1236	8
1237	5
1238	14
1239	12
1240	6
1241	8
1242	5
1243	9
1244	14
1245	16
1246	12
1247	16
1248	10
1249	10
1250	11
1251	4
1252	11
1253	5
1254	15
1255	5
1256	9
1257	10
1258	9
1259	17
1260	13
1261	13
1262	9
1263	7
1264	10
1265	8
1266	14
1267	6
1268	14
1269	7
1270	11
1271	7
1272	8
1273	9
1274	5
1275	13
1276	10
1277	12
1278	10
1279	18
1280	6
1281	14
1282	3
1283	12
1284	11
1285	15
1286	13
1287	7
1288	7
1289	11
1290	10
1291	8
1292	9
1293	12
1294	14
1295	8
1296	4
1297	10
1298	19
1299	4
1300	10
1301	10
1302	10
1303	10
1304	8
1305	11
1306	12
1307	17
1308	13
1309	11
1310	11
1311	21
1312	7
1313	11
1314	8
1315	11
1316	16
1317	3
1318	11
1319	8
1320	6
1321	11
1322	13
1323	9
1324	17
1325	5
1326	9
1327	13
1328	3
1329	8
1330	13
1331	15
1332	12
1333	6
1334	7
1335	8
1336	7
1337	10
1338	3
1339	12
1340	8
1341	7
1342	10
1343	14
1344	10
1345	13
1346	10
1347	17
1348	13
1349	7
1350	13
1351	7
1352	16
1353	11
1354	10
1355	5
1356	11
1357	10
1358	7
1359	13
1360	11
1361	10
1362	11
1363	10
1364	14
1365	11
1366	12
1367	8
1368	10
1369	11
1370	14
1371	8
1372	11
1373	10
1374	14
1375	14
1376	10
1377	10
1378	9
1379	15
1380	12
1381	10
1382	7
1383	6
1384	12
1385	12
1386	10
1387	12
1388	11
1389	10
1390	15
1391	11
1392	8
1393	12
1394	9
1395	10
1396	9
1397	4
1398	12
1399	17
1400	7
1401	13
1402	10
1403	13
1404	11
1405	12
1406	11
1407	11
1408	7
1409	9
1410	11
1411	8
1412	12
1413	8
1414	15
1415	12
1416	9
1417	13
1418	11
1419	16
1420	11
1421	7
1422	10
1423	9
1424	5
1425	10
1426	12
1427	10
1428	13
1429	10
1430	15
1431	8
1432	10
1433	10
1434	11
1435	10
1436	6
1437	10
1438	12
1439	17
1440	7
1441	13
1442	10
1443	6
1444	16
1445	9
1446	13
1447	7
1448	6
1449	7
1450	11
1451	15
1452	15
1453	14
1454	7
1455	4
1456	13
1457	13
1458	12
1459	13
1460	5
1461	14
1462	10
1463	4
1464	15
1465	9
1466	7
1467	13
1468	9
1469	5
1470	13
1471	13
1472	10
1473	13
1474	10
1475	16
1476	16
1477	11
1478	19
1479	7
1480	7
1481	10
1482	9
1483	6
1484	16
1485	9
1486	10
1487	9
1488	2
1489	10
1490	11
1491	15
1492	12
1493	9
1494	14
1495	6
1496	12
1497	12
1498	14
1499	12
1500	7
1501	9
1502	8
1503	12
1504	11
1505	7
1506	11
1507	13
1508	17
1509	8
1510	15
1511	8
1512	9
1513	15
1514	13
1515	7
1516	13
1517	14
1518	14
1519	9
1520	9
1521	9
1522	10
1523	8
1524	18
1525	10
1526	18
1527	10
1528	10
1529	17
1530	5
1531	10
1532	18
1533	7
1534	11
1535	22
1536	5
1537	14
1538	16
1539	11
1540	10
1541	13
1542	12
1543	14
1544	6
1545	14
1546	14
1547	8
1548	12
1549	10
1550	7
1551	11
1552	8
1553	11
1554	9
1555	8
1556	16
1557	13
1558	18
1559	11
1560	6
1561	13
1562	11
1563	15
1564	18
1565	16
1566	10
1567	13
1568	9
1569	21
1570	13
1571	16
1572	14
1573	6
1574	16
1575	12
1576	11
1577	8
1578	11
1579	13
1580	12
1581	11
1582	6
1583	12
1584	15
1585	9
1586	10
1587	18
1588	11
1589	9
1590	18
1591	10
1592	15
1593	15
1594	9
1595	16
1596	8
1597	10
1598	9
1599	15
1600	8
1601	15
1602	10
1603	19
1604	16
1605	19
1606	12
1607	7
1608	19
1609	15
1610	9
1611	14
1612	10
1613	10
1614	15
1615	11
1616	8
1617	10
1618	11
1619	17
1620	17
1621	11
1622	18
1623	10
1624	6
1625	13
1626	11
1627	15
1628	11
1629	14
1630	13
1631	18
1632	8
1633	18
1634	11
1635	18
1636	15
1637	6
1638	15
1639	7
1640	10
1641	8
1642	11
1643	13
1644	10
1645	13
1646	20
1647	8
1648	6
1649	10
1650	13
1651	14
1652	9
1653	6
1654	13
1655	8
1656	12
1657	19
1658	8
1659	14
1660	12
1661	14
1662	17
1663	13
1664	13
1665	9
1666	16
1667	3
1668	25
1669	6
1670	12
1671	16
1672	16
1673	13
1674	15
1675	9
1676	19
1677	9
1678	9
1679	7
1680	16
1681	14
1682	11
1683	21
1684	11
1685	5
1686	21
1687	19
1688	18
1689	12
1690	9
1691	18
1692	16
1693	10
1694	14
1695	18
1696	8
1697	14
1698	6
1699	16
1700	11
1701	12
1702	11
1703	14
1704	13
1705	17
1706	13
1707	12
1708	23
1709	16
1710	10
1711	13
1712	14
1713	13
1714	13
1715	13
1716	14
1717	17
1718	19
1719	4
1720	14
1721	14
1722	16
1723	16
1724	14
1725	22
1726	11
1727	8
1728	10
1729	15
1730	15
1731	15
1732	12
1733	6
1734	20
1735	10
1736	18
1737	21
1738	11
1739	19
1740	21
1741	16
1742	17
1743	7
1744	13
1745	11
1746	23
1747	21
1748	15
1749	10
1750	13
1751	7
1752	16
1753	27
1754	10
1755	16
1756	14
1757	7
1758	24
1759	14
1760	14
1761	18
1762	15
1763	14
1764	17
1765	13
1766	19
1767	15
1768	11
1769	19
1770	11
1771	19
1772	16
1773	8
1774	8
1775	10
1776	13
1777	16
1778	21
1779	21
1780	21
1781	15
1782	16
1783	12
1784	10
1785	13
1786	12
1787	16
1788	22
1789	13
1790	20
1791	23
1792	14
1793	7
1794	18
1795	14
1796	21
1797	15
1798	23
1799	13
1800	19
1801	15
1802	9
1803	14
1804	14
1805	13
1806	13
1807	15
1808	14
1809	13
1810	13
1811	16
1812	13
1813	8
1814	16
1815	16
1816	11
1817	21
1818	9
1819	17
1820	17
1821	12
1822	14
1823	17
1824	14
1825	19
1826	13
1827	14
1828	15
1829	10
1830	16
1831	15
1832	22
1833	13
1834	17
1835	14
1836	19
1837	19
1838	16
1839	20
1840	17
1841	18
1842	15
1843	27
1844	22
1845	10
1846	14
1847	11
1848	11
1849	14
1850	7
1851	18
1852	15
1853	20
1854	15
1855	18
1856	6
1857	19
1858	14
1859	12
1860	21
1861	9
1862	15
1863	14
1864	13
1865	16
1866	10
1867	15
1868	18
1869	21
1870	25
1871	13
1872	9
1873	23
1874	24
1875	16
1876	13
1877	9
1878	23
1879	11
1880	24
1881	25
1882	13
1883	16
1884	16
1885	21
1886	23
1887	21
1888	21
1889	17
1890	18
1891	21
1892	29
1893	12
1894	22
1895	20
1896	16
1897	23
1898	23
1899	19
1900	25
1901	18
1902	23
1903	24
1904	28
1905	22
1906	25
1907	25
1908	31
1909	20
1910	41
1911	17
1912	26
1913	26
1914	33
1915	36
1916	34
1917	37
1918	40
1919	35
1920	34
1921	41
1922	36
1923	27
1924	31
1925	29
1926	47
1927	29
1928	45
1929	75
1930	39
1931	33
1932	66
1933	60
1934	73
1935	47
1936	57
1937	51
1938	66
1939	65
1940	61
1941	56
1942	89
1943	44
1944	81
1945	95
1946	77
1947	94
1948	98
1949	96
1950	88
1951	99
1952	76
1953	86
1954	111
1955	94
1956	112
1957	87
1958	115
1959	89
1960	99
1961	138
1962	104
1963	102
1964	135
1965	93
1966	95
1967	80
1968	116
1969	94
1970	101
1971	134
1972	120
1973	80
1974	114
1975	101
1976	113
1977	132
1978	94
1979	125
1980	88
1981	117
1982	104
1983	91
1984	120
1985	92
1986	97
1987	85
1988	132
1989	64
1990	117
1991	60
1992	99
1993	112
1994	76
1995	76
1996	112
1997	76
1998	79
1999	47
2000	65
2001	49
2002	58
2003	87
2004	73
2005	50
2006	75
2007	36
2008	62
2009	68
2010	48
2011	61
2012	49
2013	33
2014	42
2015	39
2016	36
2017	35
2018	52
2019	30
2020	46
2021	29
2022	35
2023	19
2024	33
2025	36
2026	30
2027	26
2028	39
2029	34
2030	29
2031	14
2032	26
2033	21
2034	19
2035	22
2036	26
2037	16
2038	19
2039	13
2040	23
2041	21
2042	16
2043	22
2044	14
2045	11
2046	17
2047	13
2048	10
2049	11
2050	17
2051	21
2052	18
2053	13
2054	11
2055	17
2056	11
2057	19
2058	13
2059	17
2060	18
2061	16
2062	11
2063	14
2064	5
2065	14
2066	13
2067	17
2068	13
2069	4
2070	13
2071	10
2072	8
2073	16
2074	7
2075	14
2076	15
2077	15
2078	10
2079	12
2080	11
2081	13
2082	16
2083	9
2084	21
2085	7
2086	14
2087	19
2088	14
2089	10
2090	14
2091	16
2092	13
2093	12
2094	15
2095	12
2096	13
2097	4
2098	15
2099	11
2100	10
2101	11
2102	26
2103	16
2104	7
2105	22
2106	15
2107	18
2108	7
2109	17
2110	11
2111	8
2112	9
2113	12
2114	13
2115	15
2116	10
2117	11
2118	22
2119	12
2120	16
2121	19
2122	7
2123	13
2124	15
2125	12
2126	7
2127	13
2128	6
2129	14
2130	10
2131	16
2132	15
2133	12
2134	11
2135	14
2136	11
2137	17
2138	9
2139	14
2140	8
2141	20
2142	15
2143	15
2144	10
2145	12
2146	13
2147	15
2148	19
2149	12
2150	17
2151	13
2152	8
2153	13
2154	11
2155	18
2156	17
2157	15
2158	16
2159	14
2160	13
2161	16
2162	18
2163	20
2164	12
2165	12
2166	20
2167	13
2168	13
2169	17
2170	19
2171	18
2172	15
2173	20
2174	12
2175	24
2176	12
2177	16
2178	21
2179	14
2180	15
2181	13
2182	21
2183	18
2184	14
2185	19
2186	13
2187	19
2188	25
2189	25
2190	16
2191	21
2192	13
2193	26
2194	23
2195	32
2196	21
2197	9
2198	27
2199	20
2200	13
2201	29
2202	14
2203	29
2204	25
2205	23
2206	31
2207	32
2208	22
2209	24
2210	28
2211	22
2212	34
2213	24
2214	40
2215	29
2216	18
2217	44
2218	20
2219	33
2220	37
2221	43
2222	33
2223	25
2224	25
2225	31
2226	28
2227	28
2228	42
2229	24
2230	44
2231	37
2232	23
2233	51
2234	24
2235	36
2236	43
2237	44
2238	32
2239	31
2240	36
2241	35
2242	27
2243	36
2244	40
2245	28
2246	44
2247	22
2248	37
2249	39
2250	37
2251	22
2252	37
2253	27
2254	29
2255	23
2256	19
2257	33
2258	27
2259	38
2260	29
2261	13
2262	29
2263	15
2264	29
2265	35
2266	15
2267	35
2268	25
2269	29
2270	30
2271	24
2272	20
2273	22
2274	21
2275	25
2276	26
2277	16
2278	28
2279	11
2280	21
2281	20
2282	16
2283	19
2284	20
2285	18
2286	17
2287	18
2288	7
2289	13
2290	23
2291	9
2292	17
2293	11
2294	21
2295	14
2296	8
2297	28
2298	13
2299	16
2300	16
2301	8
2302	17
2303	10
2304	14
2305	11
2306	14
2307	14
2308	19
2309	9
2310	19
2311	8
2312	7
2313	9
2314	8
2315	15
2316	10
2317	14
2318	13
2319	13
2320	8
2321	15
2322	15
2323	9
2324	7
2325	13
2326	11
2327	7
2328	7
2329	16
2330	6
2331	9
2332	8
2333	17
2334	7
2335	13
2336	9
2337	15
2338	11
2339	9
2340	11
2341	7
2342	6
2343	15
2344	3
2345	8
2346	9
2347	9
2348	15
2349	5
2350	8
2351	8
2352	11
2353	11
2354	14
2355	11
2356	13
2357	7
2358	14
2359	6
2360	7
2361	13
2362	12
2363	13
2364	12
2365	10
2366	12
2367	10
2368	12
2369	7
2370	9
2371	11
2372	9
2373	8
2374	11
2375	4
2376	10
2377	18
2378	10
2379	9
2380	17
2381	8
2382	11
2383	10
2384	13
2385	9
2386	10
2387	8
2388	11
2389	7
2390	12
2391	8
2392	7
2393	11
2394	9
2395	17
2396	9
2397	15
2398	6
2399	9
2400	9
2401	5
2402	12
2403	12
2404	12
2405	9
2406	16
2407	9
2408	12
2409	8
2410	9
2411	10
2412	7
2413	19
2414	13
2415	9
2416	8
2417	8
2418	17
2419	11
2420	8
2421	14
2422	9
2423	6
2424	8
2425	11
2426	3
2427	5
2428	9
2429	11
2430	10
2431	12
2432	6
2433	6
2434	9
2435	9
2436	6
2437	7
2438	19
2439	5
2440	13
2441	10
2442	10
2443	10
2444	11
2445	8
2446	6
2447	4
2448	9
2449	8
2450	9
2451	8
2452	10
2453	5
2454	10
2455	10
2456	16
2457	15
2458	12
2459	9
2460	8
2461	9
2462	6
2463	11
2464	9
2465	9
2466	11
2467	12
2468	8
2469	7
2470	9
2471	9
2472	9
2473	8
2474	4
2475	8
2476	13
2477	12
2478	8
2479	9
2480	5
2481	6
2482	17
2483	8
2484	15
2485	7
2486	13
2487	12
2488	4
2489	12
2490	11
2491	18
2492	9
2493	10
2494	11
2495	13
2496	10
2497	12
2498	6
2499	8
2500	12
2501	6
2502	12
2503	6
2504	15
2505	14
2506	13
2507	7
2508	15
2509	12
2510	7
2511	14
2512	8
2513	12
2514	15
2515	17
2516	13
2517	2
2518	20
2519	13
2520	13
2521	8
2522	10
2523	8
2524	12
2525	17
2526	15
2527	17
2528	8
2529	20
2530	16
2531	9
2532	19
2533	13
2534	23
2535	18
2536	13
2537	14
2538	8
2539	17
2540	15
2541	16
2542	13
2543	13
2544	7
2545	12
2546	17
2547	25
2548	18
2549	7
2550	24
2551	18
2552	17
2553	15
2554	9
2555	10
2556	12
2557	13
2558	13
2559	11
2560	19
2561	11
2562	12
2563	19
2564	10
2565	9
2566	12
2567	7
2568	18
2569	19
2570	7
2571	11
2572	17
2573	11
2574	12
2575	4
2576	12
2577	14
2578	11
2579	14
2580	10
2581	12
2582	20
2583	13
2584	10
2585	10
2586	7
2587	14
2588	9
2589	13
2590	13
2591	9
2592	14
2593	12
2594	9
2595	6
2596	14
2597	3
2598	10
2599	8
2600	6
2601	15
2602	5
2603	10
2604	9
2605	11
2606	14
2607	10
2608	4
2609	5
2610	10
2611	7
2612	7
2613	12
2614	11
2615	11
2616	7
2617	10
2618	6
2619	18
2620	6
2621	6
2622	7
2623	13
2624	10
2625	2
2626	5
2627	5
2628	15
2629	9
2630	10
2631	4
2632	6
2633	9
2634	5
2635	6
2636	10
2637	11
2638	9
2639	7
2640	6
2641	8
2642	7
2643	9
2644	8
2645	4
2646	9
2647	4
2648	12
2649	8
2650	5
2651	4
2652	9
2653	5
2654	8
2655	7
2656	7
2657	7
2658	11
2659	8
2660	7
2661	9
2662	7
2663	11
2664	7
2665	11
2666	4
2667	7
2668	7
2669	9
2670	6
2671	7
2672	11
2673	9
2674	4
2675	9
2676	7
2677	5
2678	7
2679	4
2680	10
2681	14
2682	6
2683	10
2684	5
2685	10
2686	8
2687	7
2688	7
2689	6
2690	7
2691	8
2692	7
2693	4
2694	10
2695	4
2696	11
2697	7
2698	8
2699	5
2700	10
2701	9
2702	5
2703	6
2704	5
2705	10
2706	10
2707	8
2708	7
2709	7
2710	8
2711	8
2712	9
2713	10
2714	3
2715	10
2716	6
2717	13
2718	11
2719	13
2720	11
2721	5
2722	5
2723	6
2724	11
2725	7
2726	13
2727	10
2728	8
2729	16
2730	6
2731	9
2732	7
2733	6
2734	6
2735	5
2736	9
2737	7
2738	10
2739	12
2740	19
2741	5
2742	14
2743	3
2744	10
2745	5
2746	8
2747	7
2748	11
2749	8
2750	5
2751	7
2752	10
2753	8
2754	10
2755	7
2756	6
2757	5
2758	4
2759	7
2760	11
2761	10
2762	4
2763	9
2764	10
2765	10
2766	11
2767	6
2768	7
2769	3
2770	6
2771	10
2772	8
2773	6
2774	10
2775	8
2776	5
2777	10
2778	6
2779	6
2780	11
2781	7
2782	6
2783	8
2784	5
2785	5
2786	8
2787	6
2788	6
2789	4
2790	8
2791	7
2792	5
2793	5
2794	2
2795	9
2796	6
2797	9
2798	7
2799	5
2800	6
2801	14
2802	5
2803	6
2804	4
2805	5
2806	14
2807	0
2808	8
2809	7
2810	2
2811	7
2812	6
2813	9
2814	8
2815	5
2816	6
2817	7
2818	13
2819	8
2820	9
2821	8
2822	13
2823	7
2824	10
2825	11
2826	6
2827	8
2828	3
2829	7
2830	8
2831	5
2832	8
2833	5
2834	6
2835	6
2836	9
2837	2
2838	10
2839	7
2840	5
2841	6
2842	8
2843	11
2844	7
2845	6
2846	7
2847	6
2848	13
2849	13
2850	4
2851	8
2852	9
2853	5
2854	8
2855	7
2856	2
2857	6
2858	6
2859	7
2860	9
2861	10
2862	4
2863	3
2864	3
2865	7
2866	8
2867	6
2868	7
2869	3
2870	10
2871	8
2872	6
2873	11
2874	8
2875	12
2876	10
2877	9
2878	3
2879	3
2880	6
2881	8
2882	8
2883	8
2884	7
2885	8
2886	9
2887	7
2888	8
2889	10
2890	7
2891	9
2892	9
2893	5
2894	10
2895	7
2896	11
2897	13
2898	10
2899	15
2900	9
2901	7
2902	10
2903	3
2904	7
2905	9
2906	7
2907	8
2908	7
2909	5
2910	5
2911	4
2912	7
2913	8
2914	9
2915	11
2916	6
2917	5
2918	14
2919	6
2920	6
2921	10
2922	9
2923	4
2924	6
2925	3
2926	9
2927	8
2928	9
2929	4
2930	4
2931	6
2932	4
2933	3
2934	7
2935	10
2936	7
2937	9
2938	2
2939	14
2940	2
2941	7
2942	5
2943	3
2944	6
2945	8
2946	6
2947	7
2948	17
2949	1
2950	10
2951	4
2952	8
2953	6
2954	6
2955	4
2956	7
2957	8
2958	6
2959	5
2960	10
2961	6
2962	9
2963	7
2964	7
2965	10
2966	15
2967	5
2968	6
2969	5
2970	8
2971	8
2972	11
2973	9
2974	5
2975	3
2976	5
2977	2
2978	5
2979	11
2980	10
2981	3
2982	8
2983	0
2984	5
2985	7
2986	4
2987	7
2988	5
2989	4
2990	3
2991	6
2992	7
2993	5
2994	2
2995	8
2996	4
2997	4
2998	8
2999	9
3000	11
3001	3
3002	2
3003	8
3004	7
3005	8
3006	5
3007	9
3008	7
3009	4
3010	5
3011	3
3012	4
3013	3
3014	11
3015	4
3016	10
3017	9
3018	3
3019	5
3020	5
3021	3
3022	4
3023	7
3024	9
3025	6
3026	6
3027	4
3028	6
3029	6
3030	9
3031	4
3032	3
3033	8
3034	7
3035	11
3036	8
3037	7
3038	3
3039	5
3040	3
3041	9
3042	3
3043	5
3044	4
3045	3
3046	5
3047	3
3048	2
3049	8
3050	1
3051	5
3052	6
3053	4
3054	4
3055	3
3056	3
3057	4
3058	5
3059	4
3060	2
3061	6
3062	10
3063	4
3064	5
3065	4
3066	13
3067	9
3068	4
3069	7
3070	2
3071	4
3072	10
3073	4
3074	5
3075	5
3076	8
3077	6
3078	11
3079	6
3080	3
3081	10
3082	5
3083	2
3084	4
3085	4
3086	6
3087	5
3088	5
3089	6
3090	9
3091	7
3092	3
3093	5
3094	10
3095	4
3096	3
3097	5
3098	5
3099	3
3100	5
3101	5
3102	5
3103	7
3104	7
3105	4
3106	3
3107	7
3108	7
3109	7
3110	2
3111	9
3112	4
3113	5
3114	5
3115	5
3116	11
3117	5
3118	6
3119	4
3120	7
3121	10
3122	11
3123	3
3124	3
3125	2
3126	4
3127	2
3128	3
3129	5
3130	5
3131	7
3132	7
3133	2
3134	4
3135	7
3136	4
3137	5
3138	3
3139	4
3140	7
3141	2
3142	7
3143	5
3144	6
3145	10
3146	7
3147	5
3148	6
3149	3
3150	2
3151	9
3152	5
3153	11
3154	5
3155	2
3156	3
3157	0
3158	8
3159	3
3160	6
3161	7
3162	4
3163	3
3164	4
3165	7
3166	4
3167	3
3168	6
3169	1
3170	2
3171	2
3172	7
3173	0
3174	5
3175	6
3176	3
3177	4
3178	3
3179	2
3180	5
3181	6
3182	4
3183	4
3184	2
3185	11
3186	2
3187	6
3188	4
3189	5
3190	5
3191	4
3192	4
3193	7
3194	2
3195	8
3196	6
3197	2
3198	6
3199	6
3200	1
3201	4
3202	9
3203	5
3204	3
3205	5
3206	6
3207	4
3208	5
3209	10
3210	1
3211	2
3212	8
3213	2
3214	8
3215	3
3216	3
3217	5
3218	3
3219	3
3220	11
3221	9
3222	8
3223	6
3224	5
3225	7
3226	4
3227	6
3228	3
3229	5
3230	2
3231	6
3232	1
3233	1
3234	3
3235	1
3236	5
3237	7
3238	6
3239	4
3240	3
3241	5
3242	6
3243	3
3244	3
3245	3
3246	4
3247	3
3248	4
3249	7
3250	2
3251	6
3252	9
3253	3
3254	7
3255	5
3256	3
3257	6
3258	1
3259	7
3260	3
3261	7
3262	3
3263	4
3264	4
3265	3
3266	2
3267	6
3268	6
3269	3
3270	9
3271	5
3272	2
3273	4
3274	2
3275	5
3276	4
3277	4
3278	6
3279	3
3280	7
3281	2
3282	3
3283	3
3284	5
3285	4
3286	2
3287	4
3288	6
3289	3
3290	3
3291	9
3292	4
3293	1
3294	5
3295	9
3296	4
3297	1
3298	1
3299	3
3300	6
3301	4
3302	6
3303	6
3304	3
3305	4
3306	5
3307	2
3308	6
3309	2
3310	3
3311	4
3312	1
3313	3
3314	4
3315	6
3316	3
3317	4
3318	5
3319	2
3320	4
3321	2
3322	3
3323	5
3324	7
3325	3
3326	4
3327	6
3328	2
3329	5
3330	2
3331	5
3332	6
3333	2
3334	4
3335	1
3336	9
3337	10
3338	2
3339	6
3340	6
3341	3
3342	3
3343	2
3344	2
3345	1
3346	7
3347	6
3348	7
3349	5
3350	5
3351	3
3352	1
3353	6
3354	1
3355	4
3356	5
3357	5
3358	2
3359	3
3360	3
3361	4
3362	3
3363	1
3364	5
3365	6
3366	3
3367	3
3368	2
3369	1
3370	1
3371	5
3372	4
3373	5
3374	2
3375	3
3376	4
3377	3
3378	1
3379	3
3380	5
3381	1
3382	5
3383	6
3384	4
3385	4
3386	5
3387	2
3388	5
3389	5
3390	1
3391	4
3392	1
3393	5
3394	3
3395	2
3396	7
3397	2
3398	5
3399	2
3400	7
3401	1
3402	4
3403	1
3404	6
3405	4
3406	4
3407	3
3408	1
3409	4
3410	2
3411	6
3412	7
3413	7
3414	2
3415	3
3416	3
3417	4
3418	3
3419	6
3420	7
3421	4
3422	2
3423	4
3424	5
3425	1
3426	3
3427	1
3428	5
3429	4
3430	1
3431	4
3432	2
3433	5
3434	3
3435	2
3436	5
3437	5
3438	1
3439	0
3440	2
3441	1
3442	4
3443	7
3444	6
3445	0
3446	9
3447	4
3448	7
3449	2
3450	2
3451	2
3452	2
3453	5
3454	3
3455	1
3456	4
3457	4
3458	1
3459	3
3460	4
3461	6
3462	2
3463	1
3464	3
3465	4
3466	1
3467	1
3468	3
3469	1
3470	2
3471	1
3472	3
3473	1
3474	3
3475	5
3476	1
3477	3
3478	3
3479	2
3480	3
3481	2
3482	2
3483	3
3484	2
3485	5
3486	2
3487	1
3488	0
3489	1
3490	1
3491	1
3492	4
3493	1
3494	6
3495	1
3496	5
3497	3
3498	2
3499	3
3500	5
3501	0
3502	0
3503	0
3504	2
3505	4
3506	5
3507	4
3508	3
3509	6
3510	1
3511	5
3512	1
3513	3
3514	3
3515	2
3516	4
3517	6
3518	5
3519	2
3520	3
3521	2
3522	4
3523	5
3524	3
3525	2
3526	5
3527	2
3528	2
3529	3
3530	3
3531	2
3532	4
3533	2
3534	0
3535	2
3536	4
3537	0
3538	3
3539	5
3540	1
3541	4
3542	3
3543	2
3544	3
3545	3
3546	2
3547	1
3548	4
3549	6
3550	5
3551	2
3552	3
3553	3
3554	2
3555	2
3556	2
3557	3
3558	3
3559	2
3560	3
3561	2
3562	1
3563	7
3564	3
3565	3
3566	0
3567	1
3568	3
3569	5
3570	4
3571	2
3572	2
3573	2
3574	1
3575	1
3576	2
3577	3
3578	1
3579	4
3580	5
3581	1
3582	3
3583	5
3584	2
3585	3
3586	5
3587	1
3588	2
3589	1
3590	4
3591	1
3592	0
3593	6
3594	1
3595	3
3596	2
3597	2
3598	3
3599	3
3600	3
3601	2
3602	3
3603	2
3604	0
3605	2
3606	2
3607	0
3608	3
3609	6
3610	1
3611	1
3612	4
3613	1
3614	0
3615	3
3616	5
3617	2
3618	4
3619	1
3620	4
3621	2
3622	2
3623	2
3624	2
3625	2
3626	0
3627	3
3628	2
3629	3
3630	0
3631	4
3632	7
3633	2
3634	5
3635	2
3636	2
3637	2
3638	3
3639	0
3640	2
3641	4
3642	0
3643	3
3644	0
3645	2
3646	4
3647	3
3648	2
3649	1
3650	2
3651	1
3652	0
3653	1
3654	4
3655	1
3656	4
3657	5
3658	2
3659	3
3660	3
3661	2
3662	2
3663	1
3664	1
3665	2
3666	4
3667	2
3668	0
3669	1
3670	2
3671	1
3672	1
3673	1
3674	0
3675	3
3676	2
3677	2
3678	2
3679	4
3680	1
3681	2
3682	1
3683	5
3684	2
3685	0
3686	1
3687	0
3688	0
3689	2
3690	1
3691	1
3692	1
3693	1
3694	2
3695	0
3696	1
3697	3
3698	0
3699	1
3700	2
3701	2
3702	3
3703	1
3704	2
3705	5
3706	1
3707	3
3708	3
3709	0
3710	0
3711	5
3712	3
3713	1
3714	1
3715	1
3716	3
3717	4
3718	2
3719	0
3720	2
3721	3
3722	2
3723	2
3724	3
3725	2
3726	0
3727	2
3728	3
3729	0
3730	4
3731	1
3732	1
3733	0
3734	3
3735	1
3736	1
3737	1
3738	1
3739	2
3740	2
3741	2
3742	4
3743	0
3744	1
3745	3
3746	0
3747	1
3748	0
3749	1
3750	1
3751	1
3752	1
3753	3
3754	5
3755	2
3756	4
3757	4
3758	0
3759	1
3760	1
3761	1
3762	1
3763	3
3764	2
3765	3
3766	5
3767	0
3768	1
3769	2
3770	1
3771	1
3772	0
3773	2
3774	3
3775	0
3776	3
3777	2
3778	2
3779	3
3780	0
3781	1
3782	0
3783	1
3784	3
3785	1
3786	1
3787	1
3788	0
3789	3
3790	1
3791	4
3792	2
3793	1
3794	2
3795	1
3796	1
3797	2
3798	4
3799	0
3800	2
3801	0
3802	1
3803	3
3804	2
3805	0
3806	0
3807	2
3808	2
3809	1
3810	0
3811	2
3812	4
3813	0
3814	1
3815	0
3816	0
3817	1
3818	2
3819	2
3820	2
3821	2
3822	2
3823	0
3824	2
3825	1
3826	2
3827	0
3828	0
3829	0
3830	0
3831	1
3832	0
3833	0
3834	1
3835	1
3836	1
3837	2
3838	2
3839	3
3840	0
3841	2
3842	1
3843	2
3844	0
3845	0
3846	4
3847	2
3848	1
3849	3
3850	0
3851	1
3852	7
3853	0
3854	1
3855	1
3856	0
3857	1
3858	0
3859	0
3860	2
3861	3
3862	1
3863	1
3864	0
3865	0
3866	0
3867	2
3868	0
3869	1
3870	1
3871	0
3872	2
3873	2
3874	0
3875	0
3876	3
3877	0
3878	0
3879	1
3880	3
3881	0
3882	1
3883	2
3884	0
3885	0
3886	0
3887	0
3888	1
3889	1
3890	0
3891	0
3892	1
3893	0
3894	1
3895	1
3896	1
3897	1
3898	0
3899	0
3900	1
3901	1
3902	0
3903	1
3904	0
3905	2
3906	2
3907	0
3908	2
3909	0
3910	1
3911	0
3912	0
3913	3
3914	0
3915	0
3916	1
3917	0
3918	0
3919	0
3920	0
3921	3
3922	1
3923	0
3924	0
3925	1
3926	1
3927	0
3928	2
3929	2
3930	0
3931	1
3932	2
3933	0
3934	1
3935	0
3936	0
3937	1
3938	0
3939	0
3940	0
3941	0
3942	2
3943	0
3944	0
3945	0
3946	0
3947	1
3948	0
3949	0
3950	0
3951	0
3952	1
3953	1
3954	1
3955	0
3956	1
3957	0
3958	0
3959	2
3960	0
3961	1
3962	0
3963	1
3964	0
3965	0
3966	1
3967	0
3968	0
3969	0
3970	0
3971	0
3972	1
3973	0
3974	0
3975	1
3976	0
3977	0
3978	0
3979	0
3980	1
3981	0
3982	0
3983	0
3984	1
3985	0
3986	0
3987	0
3988	0
3989	1
3990	0
3991	0
3992	0
3993	0
3994	1
3995	2
3996	0
3997	2
3998	1
3999	0
4000	0
