Channel number	Impulses
Channel/#	Impulses/#

0	0
1	0
2	0
3	0
4	0
5	0
6	0
7	0
8	0
9	0
10	0
11	0
12	0
13	0
14	0
15	0
16	0
17	0
18	0
19	0
20	0
21	0
22	0
23	0
24	0
25	0
26	0
27	0
28	0
29	0
30	0
31	0
32	0
33	0
34	0
35	0
36	0
37	0
38	0
39	0
40	0
41	0
42	0
43	0
44	0
45	0
46	0
47	0
48	0
49	0
50	0
51	1
52	1
53	0
54	1
55	2
56	3
57	1
58	2
59	5
60	3
61	3
62	2
63	8
64	2
65	4
66	2
67	3
68	4
69	2
70	5
71	5
72	3
73	4
74	2
75	1
76	4
77	2
78	1
79	4
80	5
81	0
82	1
83	0
84	4
85	1
86	3
87	2
88	1
89	4
90	4
91	6
92	2
93	3
94	6
95	6
96	1
97	3
98	1
99	1
100	3
101	3
102	4
103	4
104	3
105	5
106	4
107	5
108	1
109	7
110	5
111	0
112	0
113	4
114	2
115	5
116	4
117	1
118	4
119	4
120	4
121	2
122	4
123	2
124	5
125	2
126	2
127	5
128	1
129	1
130	3
131	1
132	1
133	3
134	2
135	3
136	3
137	1
138	2
139	0
140	3
141	1
142	0
143	1
144	2
145	3
146	2
147	1
148	3
149	2
150	1
151	3
152	4
153	1
154	1
155	3
156	3
157	3
158	2
159	5
160	1
161	1
162	0
163	2
164	3
165	1
166	2
167	2
168	3
169	1
170	1
171	0
172	0
173	2
174	2
175	1
176	3
177	1
178	1
179	0
180	1
181	1
182	2
183	3
184	1
185	4
186	1
187	3
188	4
189	1
190	2
191	2
192	0
193	2
194	1
195	0
196	1
197	0
198	0
199	1
200	2
201	0
202	2
203	2
204	2
205	0
206	0
207	2
208	0
209	4
210	2
211	1
212	1
213	0
214	2
215	1
216	2
217	3
218	0
219	3
220	2
221	1
222	2
223	4
224	1
225	2
226	3
227	2
228	4
229	1
230	1
231	1
232	0
233	3
234	1
235	1
236	2
237	2
238	1
239	1
240	0
241	0
242	1
243	0
244	2
245	0
246	1
247	0
248	0
249	3
250	1
251	0
252	2
253	2
254	1
255	1
256	2
257	2
258	2
259	1
260	1
261	1
262	1
263	2
264	0
265	2
266	0
267	3
268	1
269	2
270	2
271	0
272	0
273	0
274	3
275	1
276	1
277	2
278	1
279	1
280	1
281	1
282	0
283	1
284	3
285	2
286	1
287	1
288	3
289	1
290	2
291	1
292	1
293	3
294	0
295	1
296	0
297	2
298	2
299	0
300	2
301	1
302	1
303	1
304	0
305	0
306	0
307	1
308	1
309	1
310	1
311	2
312	1
313	1
314	0
315	1
316	1
317	1
318	4
319	0
320	2
321	2
322	1
323	3
324	2
325	1
326	1
327	0
328	0
329	0
330	3
331	3
332	1
333	2
334	1
335	0
336	0
337	1
338	0
339	0
340	1
341	1
342	2
343	1
344	1
345	1
346	2
347	0
348	1
349	1
350	0
351	3
352	0
353	1
354	1
355	0
356	1
357	0
358	0
359	1
360	2
361	1
362	1
363	1
364	4
365	1
366	1
367	2
368	0
369	1
370	0
371	0
372	1
373	0
374	1
375	2
376	1
377	0
378	0
379	0
380	2
381	2
382	1
383	1
384	0
385	0
386	0
387	0
388	1
389	0
390	1
391	1
392	3
393	1
394	1
395	0
396	0
397	0
398	2
399	1
400	0
401	0
402	0
403	2
404	0
405	1
406	1
407	1
408	0
409	1
410	0
411	4
412	0
413	1
414	2
415	1
416	1
417	1
418	0
419	1
420	2
421	0
422	1
423	0
424	2
425	5
426	0
427	2
428	2
429	1
430	1
431	0
432	2
433	0
434	1
435	2
436	0
437	0
438	1
439	0
440	1
441	0
442	1
443	0
444	1
445	2
446	0
447	1
448	0
449	0
450	2
451	0
452	1
453	0
454	0
455	2
456	4
457	2
458	2
459	2
460	0
461	0
462	1
463	2
464	1
465	1
466	0
467	0
468	0
469	0
470	1
471	0
472	1
473	1
474	2
475	1
476	0
477	2
478	2
479	0
480	0
481	0
482	2
483	1
484	1
485	1
486	3
487	1
488	0
489	1
490	2
491	0
492	2
493	1
494	1
495	1
496	1
497	0
498	1
499	0
500	1
501	1
502	0
503	1
504	1
505	2
506	1
507	1
508	0
509	0
510	0
511	5
512	1
513	1
514	1
515	3
516	0
517	1
518	2
519	0
520	0
521	0
522	1
523	1
524	1
525	0
526	2
527	1
528	2
529	2
530	1
531	1
532	0
533	1
534	0
535	0
536	0
537	2
538	0
539	0
540	2
541	1
542	2
543	0
544	0
545	1
546	0
547	1
548	0
549	1
550	0
551	1
552	1
553	1
554	3
555	0
556	1
557	1
558	2
559	1
560	1
561	0
562	0
563	0
564	1
565	0
566	1
567	2
568	0
569	0
570	0
571	1
572	0
573	0
574	0
575	3
576	0
577	1
578	1
579	0
580	0
581	1
582	0
583	3
584	1
585	1
586	0
587	0
588	2
589	0
590	0
591	1
592	0
593	0
594	0
595	0
596	1
597	1
598	2
599	0
600	0
601	1
602	0
603	0
604	1
605	2
606	2
607	2
608	0
609	0
610	0
611	0
612	0
613	0
614	2
615	2
616	4
617	0
618	2
619	1
620	1
621	4
622	1
623	0
624	0
625	0
626	1
627	1
628	1
629	1
630	0
631	0
632	1
633	0
634	0
635	1
636	1
637	1
638	0
639	0
640	2
641	1
642	1
643	1
644	0
645	0
646	0
647	0
648	1
649	0
650	2
651	0
652	1
653	0
654	1
655	2
656	1
657	1
658	4
659	2
660	0
661	0
662	2
663	0
664	1
665	5
666	1
667	0
668	1
669	1
670	1
671	3
672	0
673	1
674	1
675	0
676	1
677	1
678	0
679	1
680	0
681	1
682	0
683	2
684	1
685	1
686	1
687	1
688	0
689	0
690	0
691	1
692	1
693	0
694	2
695	0
696	0
697	1
698	3
699	1
700	1
701	1
702	0
703	1
704	0
705	1
706	2
707	0
708	0
709	0
710	3
711	0
712	1
713	1
714	1
715	2
716	2
717	1
718	3
719	2
720	0
721	1
722	1
723	1
724	1
725	2
726	2
727	0
728	4
729	0
730	0
731	0
732	3
733	0
734	1
735	2
736	2
737	1
738	2
739	0
740	0
741	2
742	1
743	0
744	0
745	0
746	2
747	1
748	1
749	2
750	1
751	3
752	1
753	1
754	1
755	0
756	0
757	0
758	0
759	2
760	3
761	4
762	1
763	2
764	0
765	1
766	1
767	2
768	2
769	1
770	1
771	3
772	1
773	1
774	1
775	0
776	0
777	1
778	1
779	1
780	0
781	4
782	1
783	1
784	2
785	2
786	2
787	0
788	4
789	1
790	1
791	2
792	2
793	2
794	2
795	0
796	0
797	1
798	2
799	4
800	0
801	0
802	0
803	3
804	3
805	0
806	2
807	1
808	0
809	3
810	1
811	0
812	2
813	2
814	3
815	1
816	0
817	0
818	3
819	5
820	0
821	1
822	2
823	0
824	5
825	0
826	2
827	1
828	3
829	2
830	1
831	3
832	2
833	0
834	1
835	3
836	1
837	0
838	3
839	1
840	5
841	4
842	2
843	0
844	3
845	3
846	4
847	1
848	4
849	4
850	1
851	0
852	4
853	2
854	2
855	0
856	3
857	0
858	4
859	1
860	3
861	1
862	4
863	3
864	2
865	4
866	4
867	2
868	3
869	5
870	4
871	1
872	1
873	1
874	3
875	0
876	6
877	1
878	2
879	1
880	0
881	2
882	2
883	0
884	1
885	1
886	2
887	1
888	3
889	4
890	3
891	3
892	0
893	2
894	4
895	1
896	1
897	0
898	2
899	1
900	3
901	1
902	2
903	1
904	1
905	2
906	2
907	1
908	1
909	1
910	0
911	3
912	0
913	0
914	5
915	3
916	1
917	2
918	2
919	1
920	2
921	1
922	3
923	3
924	3
925	1
926	1
927	3
928	4
929	2
930	2
931	0
932	0
933	1
934	2
935	1
936	0
937	3
938	0
939	0
940	4
941	2
942	0
943	0
944	4
945	2
946	3
947	0
948	1
949	3
950	1
951	2
952	1
953	1
954	0
955	0
956	2
957	1
958	2
959	2
960	0
961	0
962	1
963	1
964	0
965	0
966	1
967	3
968	0
969	1
970	5
971	2
972	0
973	1
974	2
975	3
976	4
977	1
978	4
979	3
980	2
981	2
982	0
983	3
984	0
985	3
986	3
987	0
988	2
989	1
990	4
991	2
992	1
993	2
994	3
995	3
996	1
997	5
998	5
999	2
1000	2
1001	2
1002	0
1003	1
1004	3
1005	1
1006	4
1007	0
1008	2
1009	2
1010	2
1011	2
1012	3
1013	0
1014	2
1015	1
1016	1
1017	4
1018	2
1019	4
1020	3
1021	3
1022	2
1023	4
1024	1
1025	4
1026	2
1027	2
1028	2
1029	1
1030	6
1031	2
1032	2
1033	0
1034	1
1035	2
1036	3
1037	1
1038	3
1039	2
1040	2
1041	1
1042	3
1043	4
1044	4
1045	1
1046	6
1047	1
1048	2
1049	1
1050	2
1051	4
1052	3
1053	3
1054	4
1055	6
1056	2
1057	2
1058	2
1059	2
1060	2
1061	3
1062	1
1063	2
1064	4
1065	4
1066	0
1067	1
1068	1
1069	3
1070	4
1071	2
1072	2
1073	5
1074	2
1075	4
1076	0
1077	0
1078	2
1079	3
1080	1
1081	2
1082	1
1083	4
1084	6
1085	2
1086	0
1087	1
1088	1
1089	2
1090	2
1091	1
1092	4
1093	2
1094	1
1095	2
1096	3
1097	1
1098	2
1099	1
1100	3
1101	8
1102	2
1103	0
1104	1
1105	4
1106	4
1107	2
1108	4
1109	3
1110	2
1111	1
1112	1
1113	1
1114	0
1115	2
1116	4
1117	3
1118	1
1119	5
1120	1
1121	3
1122	1
1123	1
1124	2
1125	2
1126	2
1127	7
1128	2
1129	3
1130	1
1131	1
1132	3
1133	5
1134	3
1135	2
1136	3
1137	4
1138	3
1139	2
1140	3
1141	3
1142	1
1143	1
1144	3
1145	4
1146	2
1147	2
1148	3
1149	5
1150	4
1151	1
1152	1
1153	2
1154	3
1155	2
1156	7
1157	2
1158	4
1159	0
1160	1
1161	6
1162	2
1163	2
1164	2
1165	2
1166	1
1167	4
1168	3
1169	3
1170	1
1171	2
1172	5
1173	2
1174	4
1175	6
1176	1
1177	2
1178	1
1179	3
1180	2
1181	2
1182	2
1183	4
1184	2
1185	3
1186	4
1187	0
1188	5
1189	3
1190	2
1191	2
1192	5
1193	1
1194	3
1195	3
1196	2
1197	5
1198	2
1199	5
1200	4
1201	4
1202	5
1203	2
1204	1
1205	2
1206	6
1207	4
1208	1
1209	3
1210	5
1211	3
1212	4
1213	1
1214	3
1215	4
1216	7
1217	0
1218	0
1219	4
1220	3
1221	3
1222	7
1223	3
1224	2
1225	2
1226	2
1227	6
1228	2
1229	3
1230	5
1231	2
1232	1
1233	1
1234	1
1235	3
1236	5
1237	1
1238	3
1239	3
1240	3
1241	4
1242	3
1243	3
1244	4
1245	5
1246	5
1247	6
1248	3
1249	6
1250	2
1251	3
1252	1
1253	5
1254	3
1255	2
1256	7
1257	2
1258	1
1259	3
1260	6
1261	2
1262	4
1263	5
1264	1
1265	1
1266	4
1267	2
1268	6
1269	3
1270	8
1271	1
1272	1
1273	0
1274	2
1275	3
1276	4
1277	3
1278	5
1279	2
1280	0
1281	7
1282	3
1283	2
1284	4
1285	1
1286	2
1287	3
1288	3
1289	5
1290	3
1291	1
1292	3
1293	4
1294	4
1295	2
1296	1
1297	1
1298	5
1299	2
1300	4
1301	4
1302	8
1303	2
1304	2
1305	6
1306	2
1307	3
1308	3
1309	2
1310	6
1311	6
1312	6
1313	3
1314	2
1315	2
1316	3
1317	2
1318	6
1319	2
1320	4
1321	2
1322	6
1323	4
1324	4
1325	3
1326	6
1327	3
1328	0
1329	3
1330	2
1331	6
1332	4
1333	4
1334	1
1335	5
1336	3
1337	7
1338	7
1339	4
1340	2
1341	0
1342	1
1343	3
1344	4
1345	4
1346	5
1347	3
1348	7
1349	3
1350	5
1351	1
1352	4
1353	4
1354	1
1355	3
1356	2
1357	6
1358	3
1359	4
1360	6
1361	5
1362	5
1363	10
1364	4
1365	4
1366	4
1367	7
1368	9
1369	3
1370	4
1371	4
1372	3
1373	3
1374	5
1375	2
1376	4
1377	8
1378	1
1379	2
1380	3
1381	7
1382	2
1383	2
1384	4
1385	5
1386	1
1387	6
1388	4
1389	5
1390	5
1391	2
1392	2
1393	4
1394	3
1395	4
1396	6
1397	3
1398	2
1399	4
1400	3
1401	6
1402	2
1403	4
1404	6
1405	4
1406	4
1407	3
1408	3
1409	3
1410	3
1411	2
1412	3
1413	4
1414	1
1415	3
1416	4
1417	2
1418	2
1419	1
1420	3
1421	6
1422	8
1423	6
1424	7
1425	3
1426	2
1427	2
1428	2
1429	3
1430	4
1431	5
1432	1
1433	5
1434	2
1435	1
1436	6
1437	3
1438	6
1439	6
1440	4
1441	7
1442	4
1443	3
1444	6
1445	4
1446	4
1447	5
1448	8
1449	4
1450	1
1451	5
1452	6
1453	4
1454	6
1455	1
1456	1
1457	3
1458	2
1459	3
1460	4
1461	6
1462	6
1463	1
1464	5
1465	5
1466	4
1467	6
1468	5
1469	5
1470	9
1471	5
1472	4
1473	4
1474	2
1475	4
1476	3
1477	1
1478	5
1479	2
1480	5
1481	2
1482	4
1483	2
1484	4
1485	5
1486	2
1487	4
1488	5
1489	6
1490	5
1491	6
1492	4
1493	6
1494	7
1495	4
1496	3
1497	4
1498	6
1499	3
1500	3
1501	3
1502	6
1503	4
1504	4
1505	7
1506	5
1507	7
1508	2
1509	1
1510	11
1511	2
1512	6
1513	5
1514	4
1515	3
1516	6
1517	0
1518	5
1519	2
1520	1
1521	6
1522	3
1523	9
1524	2
1525	4
1526	5
1527	3
1528	2
1529	4
1530	7
1531	6
1532	10
1533	9
1534	6
1535	8
1536	1
1537	3
1538	9
1539	5
1540	8
1541	5
1542	6
1543	6
1544	2
1545	6
1546	3
1547	6
1548	3
1549	7
1550	3
1551	2
1552	1
1553	6
1554	4
1555	4
1556	4
1557	1
1558	6
1559	3
1560	3
1561	6
1562	4
1563	6
1564	1
1565	1
1566	8
1567	5
1568	6
1569	6
1570	4
1571	2
1572	4
1573	8
1574	7
1575	4
1576	5
1577	9
1578	4
1579	4
1580	6
1581	4
1582	4
1583	2
1584	7
1585	4
1586	3
1587	8
1588	4
1589	9
1590	9
1591	4
1592	2
1593	2
1594	8
1595	5
1596	2
1597	3
1598	7
1599	7
1600	4
1601	3
1602	5
1603	6
1604	6
1605	6
1606	5
1607	2
1608	1
1609	3
1610	3
1611	4
1612	7
1613	6
1614	7
1615	4
1616	0
1617	7
1618	7
1619	6
1620	4
1621	9
1622	4
1623	6
1624	3
1625	10
1626	5
1627	5
1628	3
1629	4
1630	10
1631	4
1632	7
1633	11
1634	2
1635	4
1636	4
1637	6
1638	13
1639	4
1640	11
1641	10
1642	3
1643	8
1644	5
1645	6
1646	6
1647	6
1648	7
1649	5
1650	11
1651	4
1652	6
1653	5
1654	5
1655	4
1656	7
1657	9
1658	11
1659	7
1660	11
1661	8
1662	10
1663	7
1664	10
1665	11
1666	8
1667	6
1668	8
1669	3
1670	6
1671	5
1672	8
1673	7
1674	7
1675	5
1676	4
1677	11
1678	4
1679	7
1680	4
1681	5
1682	2
1683	3
1684	6
1685	3
1686	5
1687	6
1688	5
1689	7
1690	6
1691	3
1692	7
1693	3
1694	4
1695	4
1696	4
1697	6
1698	12
1699	8
1700	8
1701	10
1702	9
1703	5
1704	3
1705	8
1706	2
1707	5
1708	9
1709	5
1710	9
1711	6
1712	5
1713	2
1714	4
1715	10
1716	11
1717	4
1718	7
1719	5
1720	10
1721	5
1722	8
1723	10
1724	9
1725	10
1726	11
1727	7
1728	3
1729	2
1730	8
1731	10
1732	12
1733	8
1734	9
1735	11
1736	9
1737	5
1738	6
1739	6
1740	9
1741	9
1742	7
1743	11
1744	6
1745	13
1746	8
1747	14
1748	10
1749	7
1750	9
1751	6
1752	12
1753	7
1754	9
1755	12
1756	12
1757	10
1758	6
1759	18
1760	3
1761	9
1762	7
1763	7
1764	5
1765	9
1766	10
1767	6
1768	7
1769	7
1770	6
1771	2
1772	9
1773	4
1774	10
1775	7
1776	6
1777	9
1778	8
1779	10
1780	9
1781	7
1782	13
1783	8
1784	7
1785	6
1786	7
1787	19
1788	10
1789	8
1790	9
1791	16
1792	9
1793	9
1794	11
1795	7
1796	10
1797	11
1798	13
1799	7
1800	12
1801	13
1802	16
1803	7
1804	13
1805	14
1806	17
1807	15
1808	15
1809	13
1810	10
1811	18
1812	11
1813	11
1814	10
1815	12
1816	11
1817	17
1818	16
1819	14
1820	21
1821	15
1822	29
1823	14
1824	18
1825	22
1826	13
1827	11
1828	28
1829	14
1830	14
1831	18
1832	15
1833	19
1834	26
1835	15
1836	23
1837	20
1838	16
1839	12
1840	23
1841	24
1842	17
1843	31
1844	29
1845	21
1846	41
1847	19
1848	19
1849	38
1850	21
1851	32
1852	28
1853	31
1854	26
1855	31
1856	26
1857	24
1858	33
1859	18
1860	48
1861	22
1862	28
1863	26
1864	34
1865	25
1866	32
1867	26
1868	46
1869	22
1870	25
1871	25
1872	23
1873	23
1874	28
1875	33
1876	33
1877	35
1878	47
1879	31
1880	37
1881	44
1882	36
1883	30
1884	27
1885	26
1886	30
1887	29
1888	32
1889	33
1890	34
1891	24
1892	30
1893	30
1894	33
1895	21
1896	20
1897	41
1898	27
1899	25
1900	25
1901	18
1902	22
1903	25
1904	24
1905	29
1906	29
1907	26
1908	25
1909	20
1910	24
1911	19
1912	19
1913	21
1914	11
1915	18
1916	17
1917	15
1918	22
1919	23
1920	14
1921	10
1922	18
1923	13
1924	23
1925	8
1926	19
1927	11
1928	14
1929	18
1930	17
1931	14
1932	19
1933	9
1934	14
1935	11
1936	18
1937	9
1938	18
1939	12
1940	14
1941	10
1942	10
1943	10
1944	17
1945	18
1946	11
1947	14
1948	17
1949	11
1950	13
1951	14
1952	13
1953	8
1954	12
1955	12
1956	10
1957	9
1958	16
1959	8
1960	10
1961	8
1962	7
1963	13
1964	15
1965	14
1966	13
1967	4
1968	12
1969	17
1970	18
1971	12
1972	12
1973	4
1974	14
1975	14
1976	9
1977	15
1978	12
1979	12
1980	11
1981	8
1982	17
1983	10
1984	9
1985	15
1986	8
1987	6
1988	15
1989	8
1990	23
1991	8
1992	12
1993	9
1994	11
1995	4
1996	11
1997	9
1998	11
1999	12
2000	10
2001	5
2002	10
2003	7
2004	12
2005	6
2006	13
2007	5
2008	15
2009	11
2010	9
2011	3
2012	5
2013	6
2014	10
2015	7
2016	11
2017	7
2018	10
2019	8
2020	7
2021	4
2022	10
2023	6
2024	6
2025	9
2026	10
2027	7
2028	6
2029	8
2030	5
2031	3
2032	5
2033	7
2034	7
2035	7
2036	6
2037	3
2038	9
2039	4
2040	10
2041	9
2042	6
2043	8
2044	10
2045	8
2046	3
2047	11
2048	6
2049	5
2050	10
2051	5
2052	8
2053	7
2054	9
2055	7
2056	4
2057	8
2058	7
2059	5
2060	10
2061	4
2062	5
2063	4
2064	7
2065	5
2066	10
2067	13
2068	7
2069	6
2070	8
2071	14
2072	1
2073	13
2074	10
2075	7
2076	11
2077	12
2078	10
2079	11
2080	10
2081	7
2082	11
2083	7
2084	15
2085	12
2086	9
2087	12
2088	11
2089	11
2090	9
2091	10
2092	15
2093	6
2094	12
2095	14
2096	13
2097	14
2098	13
2099	14
2100	6
2101	7
2102	14
2103	19
2104	10
2105	15
2106	11
2107	15
2108	14
2109	14
2110	10
2111	16
2112	7
2113	16
2114	10
2115	10
2116	9
2117	13
2118	10
2119	12
2120	13
2121	11
2122	13
2123	14
2124	11
2125	12
2126	7
2127	9
2128	6
2129	8
2130	12
2131	13
2132	10
2133	5
2134	10
2135	8
2136	9
2137	8
2138	14
2139	16
2140	6
2141	6
2142	10
2143	13
2144	9
2145	9
2146	11
2147	11
2148	10
2149	9
2150	14
2151	12
2152	7
2153	7
2154	15
2155	7
2156	5
2157	1
2158	10
2159	12
2160	5
2161	3
2162	11
2163	7
2164	4
2165	5
2166	9
2167	8
2168	4
2169	8
2170	8
2171	11
2172	8
2173	4
2174	6
2175	5
2176	6
2177	10
2178	9
2179	9
2180	19
2181	5
2182	7
2183	6
2184	6
2185	5
2186	7
2187	8
2188	3
2189	4
2190	7
2191	3
2192	5
2193	6
2194	6
2195	8
2196	5
2197	3
2198	5
2199	3
2200	6
2201	8
2202	2
2203	4
2204	6
2205	4
2206	6
2207	14
2208	2
2209	8
2210	7
2211	7
2212	6
2213	6
2214	7
2215	5
2216	3
2217	4
2218	5
2219	8
2220	5
2221	3
2222	6
2223	4
2224	4
2225	11
2226	9
2227	4
2228	5
2229	2
2230	6
2231	8
2232	8
2233	4
2234	5
2235	10
2236	5
2237	3
2238	3
2239	4
2240	5
2241	5
2242	10
2243	5
2244	6
2245	5
2246	3
2247	6
2248	4
2249	8
2250	3
2251	3
2252	5
2253	6
2254	4
2255	4
2256	4
2257	5
2258	3
2259	6
2260	5
2261	6
2262	5
2263	4
2264	5
2265	6
2266	5
2267	6
2268	9
2269	4
2270	1
2271	9
2272	3
2273	11
2274	6
2275	9
2276	4
2277	3
2278	4
2279	3
2280	6
2281	5
2282	2
2283	5
2284	8
2285	2
2286	7
2287	4
2288	1
2289	2
2290	7
2291	8
2292	4
2293	4
2294	10
2295	2
2296	5
2297	4
2298	8
2299	3
2300	6
2301	2
2302	1
2303	3
2304	4
2305	4
2306	4
2307	6
2308	3
2309	9
2310	10
2311	3
2312	4
2313	7
2314	4
2315	4
2316	6
2317	3
2318	5
2319	3
2320	10
2321	5
2322	3
2323	2
2324	4
2325	1
2326	5
2327	6
2328	2
2329	5
2330	3
2331	5
2332	3
2333	6
2334	1
2335	1
2336	4
2337	7
2338	4
2339	1
2340	3
2341	4
2342	6
2343	1
2344	3
2345	2
2346	5
2347	4
2348	3
2349	3
2350	3
2351	7
2352	2
2353	6
2354	8
2355	2
2356	3
2357	7
2358	8
2359	4
2360	1
2361	9
2362	3
2363	4
2364	4
2365	7
2366	3
2367	5
2368	3
2369	4
2370	7
2371	4
2372	6
2373	0
2374	2
2375	1
2376	6
2377	3
2378	3
2379	7
2380	6
2381	4
2382	4
2383	3
2384	8
2385	7
2386	2
2387	6
2388	5
2389	3
2390	5
2391	4
2392	3
2393	8
2394	1
2395	3
2396	1
2397	4
2398	1
2399	6
2400	2
2401	5
2402	3
2403	1
2404	4
2405	4
2406	4
2407	8
2408	2
2409	4
2410	1
2411	4
2412	5
2413	7
2414	4
2415	4
2416	3
2417	3
2418	3
2419	8
2420	3
2421	4
2422	5
2423	4
2424	5
2425	4
2426	1
2427	5
2428	4
2429	2
2430	4
2431	3
2432	4
2433	2
2434	3
2435	4
2436	2
2437	4
2438	5
2439	7
2440	1
2441	4
2442	3
2443	3
2444	2
2445	3
2446	4
2447	6
2448	5
2449	4
2450	6
2451	8
2452	3
2453	4
2454	5
2455	6
2456	3
2457	7
2458	1
2459	4
2460	4
2461	7
2462	3
2463	6
2464	6
2465	3
2466	3
2467	4
2468	7
2469	6
2470	5
2471	3
2472	4
2473	2
2474	2
2475	1
2476	8
2477	7
2478	9
2479	0
2480	4
2481	2
2482	6
2483	6
2484	6
2485	5
2486	7
2487	5
2488	6
2489	4
2490	4
2491	7
2492	5
2493	6
2494	8
2495	5
2496	5
2497	3
2498	10
2499	4
2500	3
2501	5
2502	5
2503	4
2504	4
2505	2
2506	1
2507	2
2508	4
2509	6
2510	7
2511	6
2512	5
2513	3
2514	10
2515	2
2516	6
2517	2
2518	2
2519	4
2520	5
2521	2
2522	5
2523	7
2524	4
2525	4
2526	7
2527	8
2528	7
2529	3
2530	3
2531	4
2532	6
2533	3
2534	9
2535	4
2536	3
2537	6
2538	8
2539	3
2540	6
2541	7
2542	6
2543	5
2544	5
2545	6
2546	6
2547	6
2548	7
2549	2
2550	9
2551	5
2552	4
2553	5
2554	7
2555	7
2556	10
2557	5
2558	7
2559	10
2560	8
2561	9
2562	4
2563	3
2564	4
2565	8
2566	7
2567	3
2568	7
2569	6
2570	5
2571	2
2572	6
2573	10
2574	5
2575	4
2576	6
2577	5
2578	5
2579	8
2580	3
2581	2
2582	1
2583	5
2584	0
2585	1
2586	4
2587	6
2588	2
2589	4
2590	2
2591	7
2592	1
2593	2
2594	3
2595	6
2596	7
2597	1
2598	7
2599	6
2600	2
2601	5
2602	5
2603	5
2604	5
2605	4
2606	4
2607	5
2608	0
2609	2
2610	4
2611	9
2612	1
2613	6
2614	3
2615	3
2616	5
2617	1
2618	3
2619	5
2620	1
2621	12
2622	3
2623	6
2624	2
2625	2
2626	6
2627	4
2628	3
2629	2
2630	1
2631	6
2632	3
2633	5
2634	4
2635	5
2636	4
2637	0
2638	7
2639	3
2640	2
2641	1
2642	3
2643	4
2644	1
2645	4
2646	3
2647	1
2648	3
2649	8
2650	2
2651	6
2652	2
2653	0
2654	4
2655	0
2656	1
2657	3
2658	3
2659	3
2660	2
2661	3
2662	3
2663	5
2664	5
2665	6
2666	2
2667	4
2668	8
2669	4
2670	5
2671	1
2672	2
2673	1
2674	3
2675	4
2676	1
2677	0
2678	3
2679	6
2680	6
2681	4
2682	4
2683	10
2684	1
2685	7
2686	2
2687	9
2688	5
2689	4
2690	3
2691	3
2692	6
2693	2
2694	2
2695	2
2696	5
2697	4
2698	0
2699	2
2700	6
2701	2
2702	3
2703	6
2704	1
2705	4
2706	4
2707	7
2708	1
2709	4
2710	4
2711	2
2712	2
2713	7
2714	3
2715	6
2716	5
2717	8
2718	2
2719	4
2720	4
2721	5
2722	4
2723	2
2724	6
2725	3
2726	4
2727	4
2728	1
2729	3
2730	1
2731	4
2732	7
2733	2
2734	11
2735	3
2736	4
2737	0
2738	4
2739	4
2740	5
2741	1
2742	7
2743	3
2744	6
2745	6
2746	6
2747	8
2748	5
2749	2
2750	5
2751	2
2752	2
2753	1
2754	2
2755	5
2756	3
2757	1
2758	3
2759	3
2760	3
2761	9
2762	3
2763	3
2764	2
2765	5
2766	6
2767	2
2768	2
2769	4
2770	2
2771	4
2772	5
2773	3
2774	5
2775	0
2776	1
2777	3
2778	5
2779	3
2780	2
2781	4
2782	2
2783	2
2784	2
2785	1
2786	5
2787	5
2788	4
2789	2
2790	7
2791	4
2792	2
2793	5
2794	2
2795	3
2796	4
2797	2
2798	2
2799	2
2800	3
2801	3
2802	2
2803	5
2804	3
2805	2
2806	7
2807	2
2808	2
2809	2
2810	3
2811	4
2812	2
2813	3
2814	4
2815	2
2816	4
2817	1
2818	1
2819	2
2820	5
2821	3
2822	3
2823	0
2824	6
2825	1
2826	2
2827	5
2828	5
2829	3
2830	6
2831	3
2832	2
2833	1
2834	3
2835	0
2836	3
2837	2
2838	4
2839	2
2840	4
2841	2
2842	5
2843	2
2844	6
2845	4
2846	2
2847	0
2848	4
2849	5
2850	2
2851	5
2852	8
2853	0
2854	6
2855	5
2856	2
2857	4
2858	3
2859	0
2860	6
2861	2
2862	1
2863	1
2864	1
2865	4
2866	3
2867	3
2868	6
2869	1
2870	3
2871	0
2872	1
2873	1
2874	3
2875	4
2876	4
2877	2
2878	3
2879	3
2880	5
2881	4
2882	3
2883	2
2884	1
2885	3
2886	4
2887	2
2888	2
2889	2
2890	1
2891	4
2892	3
2893	6
2894	1
2895	4
2896	0
2897	4
2898	7
2899	4
2900	8
2901	3
2902	5
2903	5
2904	2
2905	2
2906	4
2907	4
2908	4
2909	6
2910	4
2911	2
2912	6
2913	3
2914	0
2915	3
2916	3
2917	1
2918	6
2919	4
2920	1
2921	5
2922	1
2923	3
2924	5
2925	2
2926	3
2927	1
2928	3
2929	2
2930	3
2931	5
2932	2
2933	1
2934	0
2935	0
2936	2
2937	10
2938	4
2939	2
2940	3
2941	2
2942	5
2943	2
2944	4
2945	4
2946	4
2947	3
2948	4
2949	0
2950	4
2951	2
2952	3
2953	2
2954	3
2955	1
2956	1
2957	2
2958	5
2959	2
2960	4
2961	3
2962	1
2963	2
2964	2
2965	3
2966	2
2967	2
2968	4
2969	3
2970	2
2971	5
2972	3
2973	3
2974	1
2975	4
2976	2
2977	2
2978	5
2979	2
2980	3
2981	0
2982	1
2983	1
2984	3
2985	1
2986	4
2987	2
2988	2
2989	1
2990	4
2991	1
2992	3
2993	3
2994	5
2995	3
2996	4
2997	4
2998	5
2999	3
3000	3
3001	3
3002	1
3003	6
3004	2
3005	2
3006	2
3007	3
3008	1
3009	4
3010	1
3011	3
3012	0
3013	1
3014	5
3015	1
3016	6
3017	4
3018	3
3019	3
3020	6
3021	0
3022	3
3023	4
3024	3
3025	2
3026	1
3027	2
3028	2
3029	2
3030	0
3031	1
3032	1
3033	2
3034	2
3035	1
3036	2
3037	1
3038	4
3039	0
3040	3
3041	2
3042	4
3043	4
3044	2
3045	0
3046	5
3047	1
3048	0
3049	3
3050	1
3051	2
3052	3
3053	2
3054	4
3055	3
3056	1
3057	0
3058	2
3059	3
3060	4
3061	2
3062	1
3063	1
3064	1
3065	3
3066	2
3067	1
3068	2
3069	2
3070	2
3071	2
3072	4
3073	1
3074	3
3075	2
3076	4
3077	1
3078	4
3079	0
3080	4
3081	1
3082	2
3083	2
3084	2
3085	1
3086	3
3087	0
3088	3
3089	1
3090	1
3091	1
3092	4
3093	3
3094	3
3095	1
3096	3
3097	5
3098	3
3099	2
3100	1
3101	1
3102	2
3103	2
3104	1
3105	5
3106	4
3107	2
3108	6
3109	5
3110	4
3111	0
3112	2
3113	4
3114	5
3115	1
3116	2
3117	1
3118	1
3119	4
3120	4
3121	5
3122	4
3123	7
3124	1
3125	3
3126	6
3127	2
3128	1
3129	3
3130	0
3131	1
3132	1
3133	3
3134	2
3135	1
3136	0
3137	1
3138	1
3139	4
3140	4
3141	2
3142	7
3143	1
3144	3
3145	2
3146	0
3147	1
3148	1
3149	6
3150	4
3151	0
3152	1
3153	6
3154	5
3155	5
3156	0
3157	1
3158	0
3159	0
3160	4
3161	6
3162	0
3163	4
3164	1
3165	0
3166	3
3167	0
3168	2
3169	5
3170	5
3171	1
3172	4
3173	3
3174	7
3175	2
3176	3
3177	3
3178	3
3179	3
3180	4
3181	3
3182	0
3183	2
3184	4
3185	2
3186	2
3187	3
3188	1
3189	1
3190	5
3191	2
3192	0
3193	0
3194	1
3195	1
3196	3
3197	0
3198	0
3199	1
3200	7
3201	3
3202	0
3203	1
3204	3
3205	1
3206	3
3207	2
3208	5
3209	2
3210	5
3211	5
3212	1
3213	1
3214	2
3215	2
3216	1
3217	5
3218	0
3219	3
3220	2
3221	2
3222	1
3223	3
3224	2
3225	1
3226	2
3227	2
3228	1
3229	2
3230	1
3231	2
3232	1
3233	1
3234	1
3235	1
3236	3
3237	2
3238	3
3239	3
3240	2
3241	2
3242	1
3243	1
3244	3
3245	5
3246	3
3247	3
3248	3
3249	4
3250	1
3251	3
3252	1
3253	0
3254	3
3255	0
3256	1
3257	4
3258	2
3259	3
3260	1
3261	1
3262	3
3263	2
3264	1
3265	1
3266	0
3267	3
3268	2
3269	2
3270	1
3271	1
3272	2
3273	1
3274	2
3275	1
3276	1
3277	2
3278	4
3279	0
3280	1
3281	1
3282	1
3283	0
3284	1
3285	1
3286	2
3287	1
3288	4
3289	0
3290	3
3291	3
3292	1
3293	1
3294	0
3295	3
3296	1
3297	2
3298	2
3299	3
3300	1
3301	0
3302	2
3303	1
3304	1
3305	1
3306	1
3307	1
3308	1
3309	4
3310	2
3311	1
3312	2
3313	1
3314	0
3315	1
3316	4
3317	3
3318	1
3319	1
3320	4
3321	4
3322	1
3323	0
3324	3
3325	4
3326	0
3327	1
3328	1
3329	2
3330	0
3331	1
3332	2
3333	2
3334	0
3335	1
3336	2
3337	1
3338	0
3339	2
3340	0
3341	2
3342	0
3343	3
3344	0
3345	2
3346	2
3347	4
3348	0
3349	0
3350	0
3351	0
3352	1
3353	2
3354	2
3355	3
3356	0
3357	0
3358	3
3359	1
3360	0
3361	2
3362	0
3363	2
3364	0
3365	0
3366	1
3367	1
3368	0
3369	1
3370	2
3371	0
3372	2
3373	0
3374	0
3375	2
3376	2
3377	0
3378	1
3379	1
3380	1
3381	1
3382	3
3383	1
3384	3
3385	1
3386	2
3387	0
3388	1
3389	1
3390	1
3391	0
3392	2
3393	0
3394	1
3395	1
3396	0
3397	2
3398	1
3399	1
3400	0
3401	2
3402	1
3403	0
3404	2
3405	1
3406	1
3407	2
3408	1
3409	0
3410	1
3411	5
3412	0
3413	0
3414	0
3415	1
3416	0
3417	2
3418	1
3419	0
3420	3
3421	1
3422	0
3423	2
3424	1
3425	1
3426	1
3427	1
3428	0
3429	2
3430	0
3431	3
3432	3
3433	3
3434	1
3435	1
3436	1
3437	1
3438	2
3439	0
3440	2
3441	0
3442	1
3443	1
3444	2
3445	0
3446	1
3447	3
3448	0
3449	2
3450	2
3451	1
3452	0
3453	1
3454	2
3455	0
3456	1
3457	2
3458	2
3459	1
3460	2
3461	2
3462	2
3463	4
3464	0
3465	3
3466	0
3467	0
3468	1
3469	0
3470	1
3471	0
3472	0
3473	1
3474	0
3475	1
3476	0
3477	0
3478	2
3479	0
3480	0
3481	1
3482	1
3483	0
3484	2
3485	0
3486	0
3487	3
3488	1
3489	2
3490	1
3491	2
3492	1
3493	1
3494	4
3495	2
3496	2
3497	1
3498	0
3499	0
3500	1
3501	1
3502	2
3503	1
3504	2
3505	0
3506	1
3507	1
3508	0
3509	1
3510	1
3511	0
3512	2
3513	1
3514	0
3515	1
3516	2
3517	0
3518	1
3519	1
3520	0
3521	0
3522	0
3523	0
3524	0
3525	0
3526	2
3527	0
3528	0
3529	2
3530	1
3531	0
3532	0
3533	1
3534	1
3535	1
3536	0
3537	1
3538	1
3539	1
3540	0
3541	0
3542	1
3543	0
3544	2
3545	1
3546	2
3547	1
3548	2
3549	1
3550	1
3551	1
3552	0
3553	0
3554	2
3555	0
3556	0
3557	0
3558	0
3559	0
3560	0
3561	2
3562	0
3563	0
3564	1
3565	1
3566	1
3567	0
3568	0
3569	0
3570	0
3571	0
3572	0
3573	1
3574	4
3575	0
3576	0
3577	2
3578	0
3579	1
3580	1
3581	0
3582	0
3583	0
3584	2
3585	0
3586	0
3587	0
3588	0
3589	1
3590	1
3591	1
3592	0
3593	1
3594	1
3595	0
3596	1
3597	0
3598	1
3599	0
3600	0
3601	3
3602	1
3603	2
3604	0
3605	0
3606	0
3607	0
3608	1
3609	0
3610	1
3611	0
3612	0
3613	2
3614	1
3615	0
3616	0
3617	0
3618	1
3619	1
3620	0
3621	0
3622	0
3623	1
3624	0
3625	0
3626	0
3627	0
3628	1
3629	0
3630	0
3631	0
3632	0
3633	0
3634	0
3635	0
3636	1
3637	0
3638	0
3639	0
3640	0
3641	1
3642	0
3643	0
3644	0
3645	0
3646	0
3647	0
3648	0
3649	1
3650	0
3651	0
3652	0
3653	1
3654	0
3655	1
3656	0
3657	0
3658	0
3659	0
3660	0
3661	0
3662	0
3663	0
3664	0
3665	0
3666	1
3667	0
3668	0
3669	0
3670	1
3671	1
3672	1
3673	0
3674	0
3675	0
3676	1
3677	0
3678	0
3679	0
3680	0
3681	0
3682	1
3683	0
3684	1
3685	0
3686	0
3687	0
3688	0
3689	1
3690	1
3691	0
3692	0
3693	0
3694	0
3695	0
3696	0
3697	0
3698	0
3699	0
3700	0
3701	0
3702	0
3703	0
3704	0
3705	1
3706	0
3707	0
3708	0
3709	0
3710	0
3711	0
3712	1
3713	0
3714	0
3715	0
3716	0
3717	0
3718	0
3719	0
3720	0
3721	0
3722	0
3723	0
3724	1
3725	0
3726	0
3727	0
3728	0
3729	0
3730	0
3731	1
3732	1
3733	0
3734	0
3735	1
3736	0
3737	0
3738	0
3739	0
3740	0
3741	0
3742	0
3743	0
3744	0
3745	0
3746	0
3747	1
3748	0
3749	0
3750	0
3751	0
3752	0
3753	0
3754	0
3755	0
3756	0
3757	0
3758	0
3759	0
3760	0
3761	0
3762	0
3763	0
3764	0
3765	0
3766	0
3767	0
3768	0
3769	0
3770	1
3771	0
3772	0
3773	0
3774	0
3775	0
3776	0
3777	0
3778	0
3779	0
3780	0
3781	0
3782	0
3783	0
3784	0
3785	0
3786	0
3787	0
3788	0
3789	0
3790	0
3791	0
3792	0
3793	0
3794	0
3795	0
3796	0
3797	0
3798	0
3799	0
3800	0
3801	1
3802	0
3803	0
3804	0
3805	0
3806	1
3807	0
3808	0
3809	0
3810	1
3811	0
3812	0
3813	0
3814	0
3815	0
3816	0
3817	1
3818	0
3819	0
3820	0
3821	0
3822	1
3823	0
3824	2
3825	0
3826	0
3827	0
3828	0
3829	0
3830	0
3831	0
3832	0
3833	0
3834	0
3835	0
3836	0
3837	0
3838	0
3839	0
3840	0
3841	0
3842	0
3843	0
3844	0
3845	0
3846	0
3847	0
3848	0
3849	0
3850	0
3851	0
3852	0
3853	0
3854	1
3855	0
3856	0
3857	0
3858	0
3859	0
3860	0
3861	0
3862	0
3863	0
3864	0
3865	0
3866	0
3867	0
3868	0
3869	0
3870	0
3871	0
3872	0
3873	0
3874	0
3875	0
3876	0
3877	0
3878	0
3879	0
3880	0
3881	0
3882	0
3883	0
3884	0
3885	0
3886	0
3887	0
3888	0
3889	0
3890	0
3891	0
3892	0
3893	0
3894	0
3895	0
3896	1
3897	0
3898	0
3899	0
3900	0
3901	0
3902	0
3903	0
3904	1
3905	0
3906	0
3907	0
3908	0
3909	0
3910	0
3911	0
3912	0
3913	0
3914	0
3915	0
3916	0
3917	0
3918	0
3919	0
3920	0
3921	0
3922	0
3923	0
3924	0
3925	0
3926	0
3927	0
3928	0
3929	0
3930	0
3931	0
3932	0
3933	0
3934	0
3935	0
3936	0
3937	0
3938	0
3939	0
3940	0
3941	0
3942	0
3943	0
3944	0
3945	0
3946	0
3947	0
3948	0
3949	0
3950	0
3951	0
3952	0
3953	0
3954	0
3955	0
3956	0
3957	0
3958	0
3959	1
3960	0
3961	0
3962	0
3963	0
3964	0
3965	0
3966	0
3967	0
3968	0
3969	0
3970	0
3971	0
3972	0
3973	0
3974	0
3975	0
3976	0
3977	0
3978	0
3979	0
3980	0
3981	0
3982	0
3983	0
3984	0
3985	0
3986	0
3987	0
3988	0
3989	0
3990	0
3991	0
3992	0
3993	0
3994	0
3995	0
3996	0
3997	0
3998	0
3999	0
4000	0
