Channel number	Impulses
Channel/#	Impulses/#

0	0
1	0
2	0
3	0
4	0
5	0
6	0
7	0
8	0
9	0
10	0
11	0
12	0
13	0
14	0
15	0
16	0
17	0
18	0
19	0
20	0
21	0
22	0
23	0
24	0
25	0
26	0
27	0
28	0
29	0
30	0
31	0
32	0
33	0
34	0
35	0
36	0
37	0
38	0
39	0
40	0
41	0
42	0
43	0
44	0
45	0
46	0
47	0
48	0
49	2
50	1
51	0
52	3
53	4
54	6
55	9
56	8
57	5
58	8
59	9
60	9
61	10
62	14
63	16
64	12
65	4
66	14
67	15
68	10
69	11
70	18
71	12
72	9
73	15
74	16
75	12
76	11
77	12
78	10
79	4
80	10
81	15
82	8
83	14
84	7
85	8
86	16
87	8
88	9
89	11
90	4
91	10
92	9
93	5
94	12
95	5
96	7
97	10
98	3
99	11
100	7
101	8
102	7
103	5
104	11
105	13
106	4
107	7
108	13
109	4
110	5
111	4
112	6
113	9
114	7
115	6
116	4
117	12
118	4
119	7
120	9
121	4
122	5
123	2
124	7
125	6
126	7
127	13
128	2
129	2
130	9
131	6
132	4
133	7
134	5
135	4
136	6
137	6
138	5
139	3
140	2
141	5
142	3
143	2
144	3
145	3
146	4
147	3
148	2
149	1
150	7
151	4
152	3
153	6
154	2
155	6
156	2
157	4
158	5
159	3
160	2
161	3
162	0
163	2
164	1
165	2
166	2
167	7
168	0
169	2
170	1
171	4
172	4
173	1
174	3
175	4
176	3
177	1
178	4
179	3
180	4
181	2
182	5
183	0
184	1
185	3
186	3
187	3
188	5
189	4
190	1
191	3
192	2
193	0
194	2
195	3
196	4
197	3
198	4
199	3
200	4
201	2
202	1
203	3
204	4
205	2
206	4
207	2
208	0
209	6
210	5
211	2
212	4
213	6
214	2
215	0
216	2
217	0
218	1
219	7
220	4
221	4
222	3
223	2
224	3
225	2
226	4
227	2
228	3
229	2
230	5
231	2
232	3
233	2
234	5
235	1
236	2
237	2
238	1
239	1
240	3
241	1
242	2
243	3
244	4
245	7
246	0
247	1
248	0
249	3
250	1
251	0
252	4
253	0
254	1
255	1
256	3
257	2
258	1
259	1
260	2
261	0
262	3
263	2
264	2
265	1
266	4
267	4
268	2
269	4
270	5
271	0
272	2
273	1
274	2
275	2
276	3
277	3
278	2
279	1
280	2
281	1
282	0
283	3
284	2
285	0
286	0
287	3
288	4
289	2
290	2
291	1
292	0
293	3
294	2
295	1
296	2
297	2
298	1
299	1
300	1
301	1
302	2
303	1
304	0
305	2
306	3
307	0
308	0
309	3
310	4
311	3
312	1
313	1
314	2
315	1
316	2
317	0
318	3
319	3
320	0
321	1
322	1
323	0
324	0
325	0
326	1
327	1
328	0
329	1
330	0
331	1
332	2
333	1
334	1
335	2
336	1
337	0
338	3
339	0
340	1
341	1
342	1
343	0
344	3
345	1
346	0
347	1
348	1
349	1
350	0
351	1
352	1
353	1
354	1
355	0
356	1
357	2
358	1
359	0
360	0
361	0
362	0
363	1
364	1
365	2
366	2
367	0
368	1
369	2
370	1
371	0
372	1
373	0
374	2
375	2
376	2
377	0
378	3
379	0
380	1
381	2
382	1
383	1
384	0
385	2
386	0
387	0
388	1
389	0
390	0
391	2
392	0
393	2
394	0
395	0
396	2
397	0
398	3
399	0
400	1
401	2
402	0
403	0
404	1
405	1
406	1
407	0
408	0
409	1
410	1
411	0
412	0
413	0
414	1
415	0
416	1
417	0
418	0
419	1
420	0
421	1
422	1
423	1
424	0
425	1
426	2
427	1
428	0
429	1
430	0
431	0
432	0
433	0
434	0
435	1
436	1
437	0
438	2
439	0
440	2
441	1
442	0
443	0
444	0
445	1
446	0
447	2
448	1
449	0
450	1
451	0
452	0
453	0
454	1
455	0
456	2
457	1
458	1
459	0
460	0
461	0
462	0
463	0
464	2
465	1
466	1
467	1
468	0
469	1
470	1
471	1
472	0
473	1
474	1
475	1
476	0
477	2
478	2
479	0
480	0
481	0
482	0
483	0
484	0
485	1
486	3
487	0
488	0
489	0
490	0
491	0
492	0
493	0
494	1
495	0
496	1
497	0
498	0
499	1
500	1
501	0
502	0
503	0
504	0
505	0
506	0
507	0
508	2
509	1
510	0
511	3
512	0
513	1
514	0
515	2
516	1
517	0
518	0
519	0
520	1
521	0
522	1
523	0
524	1
525	2
526	0
527	1
528	0
529	2
530	1
531	0
532	1
533	0
534	3
535	1
536	0
537	1
538	1
539	0
540	0
541	0
542	0
543	1
544	0
545	2
546	0
547	1
548	0
549	1
550	0
551	1
552	1
553	0
554	1
555	0
556	1
557	1
558	3
559	0
560	1
561	2
562	0
563	1
564	1
565	0
566	0
567	0
568	0
569	2
570	1
571	1
572	4
573	2
574	0
575	0
576	0
577	0
578	1
579	1
580	2
581	0
582	0
583	0
584	0
585	3
586	0
587	2
588	1
589	1
590	1
591	2
592	0
593	0
594	0
595	0
596	1
597	0
598	0
599	1
600	1
601	0
602	0
603	0
604	1
605	0
606	0
607	1
608	1
609	1
610	1
611	0
612	0
613	0
614	1
615	0
616	2
617	0
618	0
619	1
620	2
621	0
622	0
623	0
624	0
625	1
626	0
627	0
628	1
629	0
630	1
631	2
632	0
633	1
634	0
635	1
636	1
637	1
638	0
639	1
640	0
641	0
642	0
643	1
644	0
645	0
646	0
647	0
648	1
649	0
650	0
651	0
652	2
653	0
654	1
655	1
656	2
657	0
658	3
659	0
660	0
661	0
662	1
663	0
664	2
665	0
666	0
667	0
668	2
669	0
670	1
671	2
672	0
673	0
674	0
675	0
676	0
677	0
678	1
679	0
680	0
681	0
682	2
683	0
684	0
685	1
686	0
687	0
688	3
689	0
690	1
691	0
692	2
693	1
694	3
695	1
696	0
697	0
698	0
699	2
700	0
701	1
702	1
703	1
704	1
705	1
706	1
707	0
708	0
709	0
710	1
711	3
712	0
713	0
714	2
715	0
716	0
717	0
718	3
719	1
720	0
721	2
722	2
723	0
724	1
725	0
726	1
727	0
728	2
729	0
730	1
731	0
732	0
733	0
734	0
735	1
736	1
737	0
738	1
739	2
740	1
741	2
742	0
743	0
744	1
745	1
746	0
747	1
748	1
749	1
750	0
751	0
752	2
753	1
754	1
755	2
756	4
757	1
758	3
759	2
760	2
761	1
762	0
763	3
764	4
765	0
766	2
767	0
768	1
769	0
770	1
771	0
772	1
773	2
774	5
775	0
776	2
777	0
778	0
779	3
780	1
781	0
782	2
783	1
784	1
785	0
786	0
787	0
788	0
789	2
790	2
791	1
792	4
793	2
794	1
795	1
796	1
797	0
798	3
799	3
800	0
801	1
802	1
803	3
804	2
805	3
806	1
807	0
808	1
809	1
810	1
811	2
812	1
813	0
814	1
815	2
816	2
817	0
818	2
819	2
820	0
821	4
822	2
823	3
824	0
825	3
826	1
827	2
828	1
829	2
830	2
831	1
832	0
833	1
834	1
835	2
836	3
837	1
838	2
839	1
840	0
841	1
842	1
843	2
844	2
845	1
846	5
847	3
848	1
849	3
850	4
851	0
852	1
853	2
854	1
855	0
856	1
857	1
858	2
859	1
860	2
861	2
862	2
863	2
864	1
865	2
866	3
867	2
868	0
869	2
870	2
871	3
872	1
873	1
874	2
875	1
876	2
877	0
878	0
879	1
880	0
881	0
882	2
883	0
884	0
885	1
886	2
887	0
888	0
889	2
890	1
891	2
892	0
893	1
894	2
895	3
896	1
897	1
898	1
899	0
900	1
901	0
902	1
903	0
904	0
905	1
906	1
907	0
908	1
909	1
910	0
911	0
912	2
913	4
914	1
915	1
916	0
917	0
918	0
919	1
920	1
921	1
922	0
923	0
924	3
925	1
926	2
927	0
928	0
929	0
930	0
931	1
932	0
933	0
934	1
935	1
936	0
937	2
938	0
939	1
940	0
941	1
942	0
943	0
944	0
945	1
946	0
947	1
948	2
949	1
950	3
951	1
952	1
953	2
954	1
955	2
956	1
957	1
958	1
959	0
960	1
961	0
962	1
963	3
964	1
965	1
966	1
967	1
968	0
969	0
970	1
971	1
972	1
973	1
974	1
975	4
976	1
977	0
978	0
979	0
980	0
981	2
982	4
983	0
984	0
985	1
986	0
987	3
988	0
989	1
990	2
991	0
992	1
993	2
994	2
995	1
996	1
997	0
998	3
999	1
1000	1
1001	0
1002	0
1003	1
1004	1
1005	1
1006	2
1007	2
1008	0
1009	0
1010	1
1011	1
1012	1
1013	2
1014	1
1015	0
1016	1
1017	4
1018	2
1019	2
1020	1
1021	0
1022	2
1023	3
1024	0
1025	0
1026	1
1027	3
1028	2
1029	2
1030	1
1031	0
1032	1
1033	1
1034	2
1035	0
1036	2
1037	3
1038	4
1039	2
1040	1
1041	1
1042	2
1043	1
1044	1
1045	4
1046	1
1047	1
1048	2
1049	1
1050	2
1051	0
1052	3
1053	1
1054	1
1055	2
1056	2
1057	2
1058	3
1059	2
1060	1
1061	2
1062	3
1063	1
1064	0
1065	1
1066	0
1067	5
1068	1
1069	1
1070	1
1071	1
1072	4
1073	3
1074	2
1075	0
1076	1
1077	1
1078	1
1079	2
1080	1
1081	2
1082	2
1083	4
1084	2
1085	1
1086	0
1087	1
1088	0
1089	2
1090	4
1091	4
1092	1
1093	1
1094	1
1095	2
1096	1
1097	2
1098	1
1099	1
1100	0
1101	3
1102	2
1103	4
1104	2
1105	1
1106	1
1107	2
1108	2
1109	2
1110	1
1111	1
1112	3
1113	1
1114	0
1115	3
1116	4
1117	1
1118	1
1119	2
1120	1
1121	1
1122	0
1123	1
1124	2
1125	2
1126	5
1127	1
1128	1
1129	0
1130	3
1131	1
1132	1
1133	2
1134	3
1135	4
1136	4
1137	2
1138	1
1139	4
1140	2
1141	1
1142	0
1143	3
1144	1
1145	2
1146	2
1147	0
1148	3
1149	0
1150	3
1151	3
1152	1
1153	1
1154	2
1155	3
1156	1
1157	2
1158	1
1159	4
1160	2
1161	0
1162	3
1163	4
1164	3
1165	2
1166	2
1167	3
1168	0
1169	2
1170	0
1171	1
1172	1
1173	3
1174	1
1175	1
1176	3
1177	2
1178	2
1179	2
1180	2
1181	7
1182	1
1183	2
1184	2
1185	0
1186	2
1187	4
1188	2
1189	0
1190	4
1191	2
1192	2
1193	4
1194	2
1195	3
1196	3
1197	3
1198	2
1199	7
1200	0
1201	2
1202	3
1203	4
1204	0
1205	2
1206	1
1207	0
1208	1
1209	5
1210	2
1211	1
1212	2
1213	2
1214	3
1215	4
1216	0
1217	2
1218	2
1219	3
1220	5
1221	1
1222	6
1223	0
1224	3
1225	6
1226	2
1227	2
1228	1
1229	1
1230	2
1231	3
1232	2
1233	2
1234	4
1235	2
1236	2
1237	1
1238	2
1239	2
1240	1
1241	2
1242	0
1243	3
1244	4
1245	2
1246	4
1247	7
1248	1
1249	1
1250	5
1251	0
1252	1
1253	1
1254	5
1255	3
1256	3
1257	1
1258	1
1259	2
1260	6
1261	2
1262	4
1263	3
1264	1
1265	3
1266	1
1267	3
1268	2
1269	1
1270	4
1271	1
1272	2
1273	0
1274	4
1275	4
1276	2
1277	1
1278	1
1279	6
1280	0
1281	2
1282	2
1283	2
1284	1
1285	3
1286	2
1287	2
1288	3
1289	2
1290	4
1291	5
1292	1
1293	2
1294	2
1295	2
1296	5
1297	3
1298	0
1299	3
1300	2
1301	5
1302	6
1303	1
1304	0
1305	6
1306	3
1307	2
1308	3
1309	3
1310	1
1311	3
1312	2
1313	2
1314	3
1315	2
1316	5
1317	3
1318	3
1319	0
1320	0
1321	3
1322	2
1323	3
1324	3
1325	4
1326	2
1327	4
1328	4
1329	4
1330	1
1331	4
1332	3
1333	1
1334	5
1335	0
1336	4
1337	7
1338	2
1339	4
1340	2
1341	1
1342	3
1343	2
1344	2
1345	4
1346	3
1347	2
1348	5
1349	2
1350	4
1351	0
1352	3
1353	4
1354	4
1355	1
1356	2
1357	4
1358	4
1359	3
1360	2
1361	2
1362	2
1363	3
1364	6
1365	3
1366	5
1367	3
1368	7
1369	4
1370	1
1371	2
1372	3
1373	4
1374	4
1375	7
1376	3
1377	4
1378	2
1379	2
1380	2
1381	4
1382	5
1383	4
1384	2
1385	2
1386	4
1387	2
1388	2
1389	3
1390	3
1391	3
1392	2
1393	4
1394	2
1395	4
1396	5
1397	2
1398	3
1399	2
1400	2
1401	5
1402	1
1403	0
1404	2
1405	6
1406	3
1407	7
1408	2
1409	2
1410	4
1411	1
1412	1
1413	3
1414	4
1415	3
1416	4
1417	2
1418	3
1419	5
1420	5
1421	5
1422	4
1423	0
1424	5
1425	6
1426	4
1427	2
1428	3
1429	5
1430	6
1431	2
1432	4
1433	1
1434	1
1435	4
1436	3
1437	1
1438	8
1439	1
1440	5
1441	2
1442	3
1443	3
1444	4
1445	1
1446	8
1447	3
1448	1
1449	3
1450	1
1451	1
1452	5
1453	2
1454	4
1455	2
1456	9
1457	2
1458	5
1459	5
1460	6
1461	4
1462	3
1463	7
1464	2
1465	1
1466	4
1467	3
1468	3
1469	2
1470	3
1471	4
1472	1
1473	4
1474	4
1475	6
1476	3
1477	3
1478	5
1479	3
1480	3
1481	4
1482	7
1483	5
1484	4
1485	1
1486	5
1487	2
1488	4
1489	3
1490	5
1491	3
1492	3
1493	1
1494	4
1495	0
1496	7
1497	5
1498	6
1499	2
1500	1
1501	4
1502	6
1503	3
1504	2
1505	3
1506	8
1507	4
1508	6
1509	2
1510	3
1511	2
1512	3
1513	2
1514	4
1515	4
1516	6
1517	9
1518	3
1519	4
1520	6
1521	1
1522	4
1523	10
1524	5
1525	2
1526	3
1527	2
1528	3
1529	4
1530	3
1531	4
1532	6
1533	4
1534	1
1535	4
1536	3
1537	4
1538	5
1539	2
1540	3
1541	1
1542	4
1543	1
1544	5
1545	2
1546	3
1547	4
1548	2
1549	4
1550	2
1551	2
1552	6
1553	1
1554	1
1555	3
1556	5
1557	3
1558	4
1559	3
1560	4
1561	5
1562	4
1563	2
1564	0
1565	0
1566	5
1567	1
1568	5
1569	1
1570	4
1571	7
1572	3
1573	1
1574	6
1575	6
1576	3
1577	8
1578	1
1579	2
1580	4
1581	4
1582	5
1583	5
1584	1
1585	4
1586	6
1587	9
1588	2
1589	5
1590	3
1591	1
1592	7
1593	6
1594	2
1595	6
1596	5
1597	5
1598	1
1599	2
1600	2
1601	1
1602	3
1603	2
1604	4
1605	4
1606	6
1607	3
1608	0
1609	6
1610	6
1611	2
1612	4
1613	8
1614	6
1615	4
1616	1
1617	4
1618	1
1619	4
1620	4
1621	2
1622	5
1623	2
1624	5
1625	1
1626	3
1627	1
1628	3
1629	7
1630	5
1631	4
1632	4
1633	5
1634	7
1635	2
1636	2
1637	2
1638	8
1639	4
1640	3
1641	3
1642	2
1643	5
1644	4
1645	3
1646	4
1647	4
1648	2
1649	2
1650	3
1651	4
1652	5
1653	5
1654	5
1655	9
1656	5
1657	10
1658	2
1659	3
1660	4
1661	2
1662	5
1663	3
1664	1
1665	4
1666	4
1667	3
1668	7
1669	1
1670	8
1671	4
1672	5
1673	3
1674	4
1675	2
1676	3
1677	4
1678	5
1679	2
1680	4
1681	5
1682	4
1683	4
1684	5
1685	2
1686	4
1687	0
1688	6
1689	5
1690	4
1691	4
1692	6
1693	8
1694	4
1695	4
1696	3
1697	6
1698	4
1699	7
1700	3
1701	6
1702	5
1703	1
1704	2
1705	6
1706	4
1707	4
1708	2
1709	7
1710	6
1711	1
1712	3
1713	5
1714	2
1715	7
1716	4
1717	4
1718	3
1719	0
1720	0
1721	6
1722	5
1723	8
1724	8
1725	6
1726	8
1727	4
1728	7
1729	4
1730	8
1731	5
1732	11
1733	5
1734	5
1735	4
1736	9
1737	12
1738	3
1739	2
1740	4
1741	5
1742	6
1743	4
1744	5
1745	4
1746	6
1747	3
1748	8
1749	2
1750	6
1751	5
1752	4
1753	8
1754	4
1755	5
1756	8
1757	9
1758	5
1759	4
1760	3
1761	3
1762	4
1763	5
1764	9
1765	6
1766	4
1767	6
1768	7
1769	9
1770	8
1771	2
1772	9
1773	3
1774	3
1775	9
1776	10
1777	5
1778	8
1779	5
1780	5
1781	5
1782	8
1783	5
1784	6
1785	5
1786	1
1787	5
1788	10
1789	2
1790	6
1791	4
1792	5
1793	3
1794	10
1795	7
1796	6
1797	10
1798	10
1799	3
1800	4
1801	6
1802	6
1803	8
1804	4
1805	4
1806	9
1807	6
1808	13
1809	9
1810	11
1811	10
1812	10
1813	4
1814	6
1815	8
1816	5
1817	5
1818	4
1819	8
1820	9
1821	10
1822	3
1823	4
1824	7
1825	7
1826	6
1827	6
1828	13
1829	5
1830	6
1831	13
1832	5
1833	6
1834	7
1835	10
1836	11
1837	8
1838	4
1839	5
1840	12
1841	10
1842	13
1843	14
1844	13
1845	5
1846	18
1847	10
1848	11
1849	13
1850	6
1851	9
1852	8
1853	13
1854	11
1855	11
1856	10
1857	18
1858	17
1859	19
1860	15
1861	11
1862	17
1863	12
1864	13
1865	15
1866	10
1867	14
1868	19
1869	21
1870	19
1871	14
1872	15
1873	14
1874	20
1875	25
1876	27
1877	15
1878	35
1879	16
1880	20
1881	20
1882	19
1883	22
1884	15
1885	30
1886	19
1887	21
1888	19
1889	22
1890	19
1891	18
1892	31
1893	17
1894	43
1895	25
1896	27
1897	20
1898	22
1899	29
1900	28
1901	25
1902	29
1903	30
1904	26
1905	20
1906	26
1907	23
1908	27
1909	24
1910	37
1911	15
1912	24
1913	33
1914	19
1915	24
1916	23
1917	24
1918	25
1919	29
1920	25
1921	20
1922	28
1923	23
1924	30
1925	12
1926	28
1927	14
1928	29
1929	26
1930	15
1931	13
1932	28
1933	19
1934	27
1935	11
1936	21
1937	15
1938	18
1939	18
1940	13
1941	23
1942	19
1943	14
1944	21
1945	21
1946	9
1947	27
1948	23
1949	20
1950	15
1951	13
1952	21
1953	11
1954	12
1955	9
1956	17
1957	9
1958	14
1959	12
1960	11
1961	19
1962	16
1963	7
1964	12
1965	7
1966	14
1967	7
1968	12
1969	14
1970	12
1971	19
1972	16
1973	12
1974	14
1975	7
1976	13
1977	17
1978	9
1979	8
1980	9
1981	6
1982	13
1983	16
1984	12
1985	9
1986	10
1987	10
1988	9
1989	12
1990	10
1991	5
1992	10
1993	10
1994	9
1995	9
1996	18
1997	6
1998	13
1999	6
2000	7
2001	10
2002	8
2003	9
2004	10
2005	3
2006	5
2007	7
2008	8
2009	6
2010	11
2011	14
2012	7
2013	9
2014	8
2015	7
2016	10
2017	4
2018	7
2019	4
2020	9
2021	2
2022	6
2023	11
2024	2
2025	7
2026	6
2027	3
2028	9
2029	4
2030	6
2031	3
2032	5
2033	6
2034	5
2035	2
2036	1
2037	6
2038	4
2039	4
2040	9
2041	1
2042	2
2043	1
2044	10
2045	5
2046	6
2047	2
2048	2
2049	5
2050	1
2051	5
2052	8
2053	5
2054	2
2055	1
2056	4
2057	6
2058	6
2059	3
2060	4
2061	4
2062	4
2063	2
2064	4
2065	3
2066	11
2067	4
2068	3
2069	5
2070	4
2071	4
2072	4
2073	5
2074	4
2075	4
2076	2
2077	1
2078	3
2079	7
2080	1
2081	3
2082	5
2083	3
2084	7
2085	5
2086	6
2087	3
2088	2
2089	9
2090	7
2091	8
2092	6
2093	3
2094	5
2095	9
2096	1
2097	10
2098	12
2099	4
2100	3
2101	1
2102	3
2103	8
2104	2
2105	6
2106	7
2107	4
2108	5
2109	7
2110	6
2111	7
2112	5
2113	8
2114	7
2115	7
2116	10
2117	5
2118	8
2119	4
2120	4
2121	4
2122	7
2123	10
2124	6
2125	7
2126	12
2127	9
2128	6
2129	10
2130	9
2131	6
2132	6
2133	3
2134	9
2135	10
2136	8
2137	10
2138	5
2139	7
2140	8
2141	7
2142	12
2143	12
2144	7
2145	5
2146	4
2147	10
2148	7
2149	9
2150	10
2151	9
2152	5
2153	9
2154	8
2155	11
2156	8
2157	5
2158	7
2159	5
2160	8
2161	5
2162	6
2163	6
2164	8
2165	13
2166	9
2167	7
2168	4
2169	3
2170	11
2171	7
2172	6
2173	5
2174	9
2175	11
2176	6
2177	6
2178	6
2179	4
2180	5
2181	2
2182	7
2183	9
2184	5
2185	10
2186	2
2187	6
2188	9
2189	11
2190	4
2191	3
2192	5
2193	4
2194	8
2195	8
2196	8
2197	6
2198	14
2199	5
2200	6
2201	4
2202	8
2203	5
2204	5
2205	5
2206	8
2207	9
2208	5
2209	6
2210	7
2211	3
2212	9
2213	3
2214	7
2215	7
2216	2
2217	8
2218	2
2219	9
2220	6
2221	6
2222	7
2223	6
2224	1
2225	6
2226	3
2227	9
2228	7
2229	4
2230	4
2231	3
2232	7
2233	6
2234	7
2235	6
2236	13
2237	1
2238	4
2239	4
2240	7
2241	5
2242	2
2243	6
2244	4
2245	3
2246	4
2247	6
2248	11
2249	8
2250	3
2251	5
2252	3
2253	2
2254	10
2255	6
2256	7
2257	4
2258	3
2259	4
2260	5
2261	3
2262	2
2263	6
2264	4
2265	1
2266	1
2267	6
2268	4
2269	6
2270	3
2271	4
2272	2
2273	3
2274	4
2275	7
2276	2
2277	1
2278	6
2279	2
2280	1
2281	3
2282	6
2283	7
2284	5
2285	3
2286	1
2287	6
2288	2
2289	2
2290	5
2291	3
2292	1
2293	6
2294	3
2295	4
2296	4
2297	5
2298	3
2299	4
2300	1
2301	2
2302	8
2303	1
2304	3
2305	5
2306	4
2307	5
2308	2
2309	2
2310	6
2311	5
2312	3
2313	5
2314	2
2315	2
2316	3
2317	3
2318	4
2319	5
2320	5
2321	5
2322	1
2323	4
2324	4
2325	4
2326	2
2327	3
2328	2
2329	4
2330	2
2331	6
2332	4
2333	0
2334	2
2335	3
2336	4
2337	5
2338	3
2339	5
2340	3
2341	0
2342	3
2343	3
2344	3
2345	0
2346	0
2347	4
2348	3
2349	4
2350	2
2351	6
2352	3
2353	4
2354	6
2355	3
2356	3
2357	3
2358	5
2359	3
2360	3
2361	2
2362	1
2363	5
2364	5
2365	4
2366	6
2367	6
2368	4
2369	2
2370	3
2371	3
2372	2
2373	5
2374	1
2375	3
2376	4
2377	7
2378	4
2379	4
2380	3
2381	3
2382	7
2383	3
2384	2
2385	3
2386	2
2387	2
2388	7
2389	2
2390	2
2391	0
2392	4
2393	5
2394	2
2395	3
2396	4
2397	4
2398	6
2399	1
2400	1
2401	2
2402	3
2403	5
2404	3
2405	1
2406	1
2407	1
2408	1
2409	3
2410	2
2411	3
2412	3
2413	3
2414	2
2415	1
2416	3
2417	4
2418	2
2419	4
2420	2
2421	3
2422	3
2423	1
2424	2
2425	2
2426	2
2427	4
2428	2
2429	2
2430	2
2431	2
2432	8
2433	1
2434	4
2435	2
2436	7
2437	2
2438	2
2439	1
2440	2
2441	6
2442	3
2443	1
2444	2
2445	1
2446	1
2447	0
2448	4
2449	1
2450	5
2451	10
2452	1
2453	3
2454	6
2455	1
2456	3
2457	1
2458	2
2459	2
2460	3
2461	4
2462	4
2463	4
2464	2
2465	5
2466	2
2467	4
2468	4
2469	2
2470	6
2471	5
2472	4
2473	2
2474	2
2475	4
2476	2
2477	3
2478	2
2479	1
2480	5
2481	2
2482	5
2483	1
2484	3
2485	1
2486	2
2487	4
2488	3
2489	4
2490	3
2491	3
2492	3
2493	3
2494	1
2495	2
2496	2
2497	1
2498	7
2499	3
2500	2
2501	5
2502	3
2503	2
2504	2
2505	1
2506	2
2507	7
2508	3
2509	4
2510	5
2511	0
2512	0
2513	5
2514	3
2515	6
2516	3
2517	2
2518	5
2519	4
2520	4
2521	0
2522	4
2523	10
2524	5
2525	5
2526	7
2527	6
2528	3
2529	5
2530	3
2531	3
2532	4
2533	4
2534	6
2535	5
2536	4
2537	6
2538	6
2539	7
2540	3
2541	5
2542	4
2543	3
2544	3
2545	5
2546	1
2547	5
2548	3
2549	7
2550	7
2551	6
2552	6
2553	6
2554	2
2555	2
2556	6
2557	8
2558	8
2559	3
2560	3
2561	5
2562	3
2563	5
2564	6
2565	3
2566	6
2567	3
2568	3
2569	6
2570	3
2571	5
2572	6
2573	1
2574	4
2575	3
2576	4
2577	5
2578	3
2579	6
2580	4
2581	5
2582	2
2583	7
2584	7
2585	4
2586	1
2587	4
2588	6
2589	1
2590	4
2591	9
2592	3
2593	4
2594	3
2595	4
2596	4
2597	1
2598	3
2599	3
2600	4
2601	6
2602	4
2603	1
2604	2
2605	7
2606	2
2607	5
2608	1
2609	7
2610	3
2611	5
2612	6
2613	1
2614	3
2615	3
2616	2
2617	4
2618	5
2619	3
2620	5
2621	5
2622	1
2623	6
2624	1
2625	1
2626	4
2627	2
2628	2
2629	2
2630	8
2631	3
2632	4
2633	1
2634	5
2635	5
2636	5
2637	4
2638	1
2639	4
2640	3
2641	4
2642	2
2643	4
2644	5
2645	2
2646	3
2647	2
2648	2
2649	2
2650	4
2651	2
2652	3
2653	3
2654	6
2655	7
2656	1
2657	4
2658	0
2659	1
2660	1
2661	4
2662	4
2663	4
2664	1
2665	0
2666	1
2667	1
2668	3
2669	2
2670	3
2671	2
2672	2
2673	5
2674	3
2675	4
2676	5
2677	3
2678	5
2679	1
2680	5
2681	3
2682	3
2683	8
2684	2
2685	5
2686	1
2687	2
2688	4
2689	2
2690	3
2691	2
2692	4
2693	3
2694	6
2695	4
2696	1
2697	4
2698	1
2699	4
2700	2
2701	2
2702	4
2703	1
2704	2
2705	1
2706	2
2707	3
2708	2
2709	0
2710	2
2711	2
2712	5
2713	7
2714	3
2715	4
2716	3
2717	2
2718	4
2719	4
2720	2
2721	4
2722	2
2723	0
2724	3
2725	4
2726	3
2727	3
2728	4
2729	1
2730	4
2731	3
2732	6
2733	7
2734	3
2735	3
2736	1
2737	3
2738	6
2739	2
2740	2
2741	5
2742	3
2743	1
2744	0
2745	5
2746	1
2747	5
2748	4
2749	4
2750	1
2751	2
2752	2
2753	1
2754	2
2755	1
2756	4
2757	3
2758	2
2759	1
2760	1
2761	2
2762	5
2763	1
2764	3
2765	2
2766	2
2767	6
2768	2
2769	2
2770	0
2771	3
2772	2
2773	4
2774	2
2775	3
2776	0
2777	7
2778	5
2779	6
2780	2
2781	0
2782	1
2783	0
2784	2
2785	4
2786	0
2787	3
2788	2
2789	1
2790	3
2791	3
2792	3
2793	2
2794	3
2795	3
2796	3
2797	2
2798	2
2799	1
2800	4
2801	4
2802	1
2803	2
2804	3
2805	2
2806	3
2807	1
2808	4
2809	5
2810	1
2811	2
2812	1
2813	2
2814	4
2815	2
2816	5
2817	3
2818	4
2819	2
2820	3
2821	4
2822	4
2823	2
2824	4
2825	4
2826	1
2827	1
2828	4
2829	0
2830	3
2831	0
2832	3
2833	2
2834	3
2835	2
2836	3
2837	5
2838	1
2839	2
2840	2
2841	1
2842	2
2843	7
2844	0
2845	2
2846	0
2847	0
2848	0
2849	3
2850	2
2851	2
2852	5
2853	4
2854	6
2855	5
2856	2
2857	2
2858	1
2859	2
2860	3
2861	2
2862	4
2863	2
2864	2
2865	8
2866	5
2867	5
2868	3
2869	3
2870	2
2871	4
2872	0
2873	5
2874	1
2875	0
2876	1
2877	1
2878	2
2879	0
2880	3
2881	2
2882	5
2883	1
2884	2
2885	0
2886	2
2887	1
2888	0
2889	4
2890	2
2891	3
2892	7
2893	3
2894	4
2895	4
2896	3
2897	5
2898	2
2899	3
2900	3
2901	1
2902	2
2903	1
2904	4
2905	5
2906	6
2907	3
2908	3
2909	4
2910	6
2911	2
2912	3
2913	1
2914	3
2915	4
2916	4
2917	4
2918	8
2919	2
2920	4
2921	4
2922	1
2923	0
2924	1
2925	4
2926	5
2927	2
2928	3
2929	2
2930	7
2931	1
2932	4
2933	2
2934	2
2935	0
2936	1
2937	9
2938	3
2939	1
2940	4
2941	1
2942	2
2943	3
2944	1
2945	5
2946	2
2947	1
2948	2
2949	0
2950	2
2951	4
2952	3
2953	5
2954	1
2955	4
2956	2
2957	0
2958	4
2959	2
2960	0
2961	3
2962	1
2963	3
2964	3
2965	2
2966	2
2967	0
2968	5
2969	1
2970	2
2971	0
2972	3
2973	2
2974	4
2975	2
2976	2
2977	1
2978	6
2979	1
2980	0
2981	0
2982	2
2983	1
2984	1
2985	3
2986	1
2987	2
2988	2
2989	6
2990	5
2991	0
2992	2
2993	1
2994	1
2995	2
2996	4
2997	3
2998	4
2999	1
3000	1
3001	1
3002	3
3003	2
3004	3
3005	2
3006	2
3007	0
3008	0
3009	1
3010	4
3011	3
3012	0
3013	1
3014	1
3015	1
3016	4
3017	3
3018	6
3019	3
3020	3
3021	3
3022	1
3023	2
3024	3
3025	2
3026	2
3027	1
3028	1
3029	1
3030	4
3031	3
3032	1
3033	4
3034	2
3035	2
3036	1
3037	1
3038	1
3039	2
3040	3
3041	6
3042	1
3043	3
3044	7
3045	2
3046	3
3047	0
3048	4
3049	2
3050	2
3051	2
3052	5
3053	2
3054	1
3055	3
3056	4
3057	1
3058	1
3059	0
3060	2
3061	2
3062	3
3063	2
3064	1
3065	2
3066	1
3067	5
3068	3
3069	1
3070	3
3071	0
3072	3
3073	3
3074	1
3075	3
3076	2
3077	0
3078	5
3079	3
3080	3
3081	4
3082	3
3083	0
3084	0
3085	3
3086	3
3087	3
3088	1
3089	3
3090	2
3091	2
3092	0
3093	1
3094	1
3095	0
3096	1
3097	2
3098	0
3099	3
3100	0
3101	2
3102	0
3103	4
3104	2
3105	2
3106	2
3107	1
3108	1
3109	0
3110	4
3111	0
3112	4
3113	0
3114	2
3115	1
3116	2
3117	1
3118	2
3119	0
3120	0
3121	0
3122	4
3123	0
3124	2
3125	0
3126	1
3127	1
3128	2
3129	5
3130	1
3131	1
3132	2
3133	1
3134	2
3135	1
3136	0
3137	0
3138	0
3139	1
3140	1
3141	3
3142	4
3143	2
3144	2
3145	2
3146	0
3147	0
3148	2
3149	1
3150	5
3151	3
3152	3
3153	2
3154	0
3155	2
3156	1
3157	1
3158	2
3159	0
3160	1
3161	1
3162	0
3163	6
3164	1
3165	2
3166	1
3167	0
3168	3
3169	0
3170	1
3171	3
3172	1
3173	0
3174	3
3175	1
3176	1
3177	3
3178	1
3179	4
3180	3
3181	1
3182	1
3183	1
3184	3
3185	5
3186	1
3187	5
3188	0
3189	2
3190	1
3191	3
3192	0
3193	2
3194	4
3195	4
3196	2
3197	4
3198	3
3199	1
3200	1
3201	1
3202	1
3203	1
3204	1
3205	3
3206	3
3207	0
3208	3
3209	1
3210	3
3211	2
3212	1
3213	0
3214	2
3215	1
3216	3
3217	1
3218	4
3219	4
3220	5
3221	0
3222	1
3223	3
3224	2
3225	3
3226	1
3227	2
3228	4
3229	1
3230	2
3231	1
3232	1
3233	0
3234	0
3235	4
3236	1
3237	1
3238	0
3239	2
3240	0
3241	2
3242	0
3243	1
3244	3
3245	0
3246	3
3247	0
3248	0
3249	3
3250	1
3251	3
3252	0
3253	0
3254	1
3255	0
3256	2
3257	1
3258	1
3259	1
3260	0
3261	3
3262	3
3263	0
3264	1
3265	0
3266	2
3267	3
3268	1
3269	2
3270	1
3271	2
3272	0
3273	1
3274	1
3275	2
3276	2
3277	1
3278	2
3279	3
3280	1
3281	1
3282	2
3283	1
3284	0
3285	1
3286	3
3287	0
3288	2
3289	3
3290	0
3291	3
3292	3
3293	0
3294	2
3295	1
3296	0
3297	0
3298	1
3299	3
3300	4
3301	1
3302	2
3303	1
3304	1
3305	1
3306	1
3307	4
3308	2
3309	1
3310	4
3311	2
3312	1
3313	2
3314	4
3315	0
3316	0
3317	2
3318	0
3319	0
3320	1
3321	2
3322	0
3323	1
3324	2
3325	1
3326	0
3327	1
3328	0
3329	3
3330	1
3331	2
3332	1
3333	1
3334	0
3335	1
3336	0
3337	2
3338	1
3339	1
3340	2
3341	1
3342	1
3343	2
3344	0
3345	2
3346	2
3347	2
3348	2
3349	0
3350	0
3351	2
3352	2
3353	1
3354	2
3355	0
3356	2
3357	0
3358	1
3359	1
3360	1
3361	4
3362	0
3363	1
3364	1
3365	1
3366	1
3367	0
3368	0
3369	1
3370	2
3371	1
3372	3
3373	1
3374	1
3375	0
3376	2
3377	4
3378	0
3379	0
3380	1
3381	0
3382	1
3383	1
3384	0
3385	4
3386	0
3387	1
3388	1
3389	2
3390	1
3391	2
3392	1
3393	1
3394	2
3395	0
3396	1
3397	1
3398	1
3399	0
3400	2
3401	0
3402	2
3403	2
3404	1
3405	1
3406	6
3407	2
3408	0
3409	0
3410	1
3411	2
3412	1
3413	0
3414	2
3415	1
3416	0
3417	0
3418	1
3419	1
3420	4
3421	1
3422	2
3423	0
3424	2
3425	2
3426	0
3427	0
3428	0
3429	1
3430	1
3431	1
3432	1
3433	0
3434	0
3435	0
3436	0
3437	1
3438	1
3439	0
3440	2
3441	1
3442	0
3443	1
3444	1
3445	0
3446	2
3447	0
3448	0
3449	1
3450	0
3451	0
3452	1
3453	1
3454	2
3455	0
3456	0
3457	1
3458	2
3459	1
3460	0
3461	2
3462	1
3463	2
3464	1
3465	5
3466	0
3467	0
3468	2
3469	1
3470	0
3471	1
3472	0
3473	0
3474	1
3475	1
3476	1
3477	1
3478	1
3479	0
3480	1
3481	3
3482	0
3483	0
3484	1
3485	0
3486	0
3487	0
3488	0
3489	1
3490	1
3491	2
3492	0
3493	1
3494	3
3495	0
3496	0
3497	1
3498	0
3499	0
3500	0
3501	2
3502	0
3503	0
3504	1
3505	1
3506	0
3507	0
3508	0
3509	1
3510	1
3511	0
3512	1
3513	2
3514	1
3515	3
3516	1
3517	0
3518	1
3519	0
3520	0
3521	1
3522	0
3523	0
3524	1
3525	0
3526	0
3527	1
3528	0
3529	0
3530	0
3531	2
3532	0
3533	1
3534	1
3535	0
3536	0
3537	2
3538	1
3539	0
3540	1
3541	0
3542	2
3543	1
3544	0
3545	0
3546	0
3547	2
3548	1
3549	2
3550	0
3551	1
3552	0
3553	0
3554	1
3555	2
3556	0
3557	2
3558	3
3559	0
3560	0
3561	1
3562	0
3563	0
3564	0
3565	1
3566	0
3567	1
3568	0
3569	1
3570	1
3571	0
3572	0
3573	0
3574	1
3575	1
3576	0
3577	0
3578	1
3579	0
3580	1
3581	0
3582	1
3583	1
3584	0
3585	1
3586	2
3587	0
3588	0
3589	0
3590	0
3591	0
3592	0
3593	0
3594	0
3595	0
3596	0
3597	0
3598	1
3599	0
3600	0
3601	0
3602	1
3603	1
3604	0
3605	0
3606	0
3607	0
3608	2
3609	1
3610	0
3611	0
3612	0
3613	0
3614	1
3615	2
3616	0
3617	1
3618	0
3619	1
3620	1
3621	0
3622	1
3623	0
3624	0
3625	0
3626	0
3627	0
3628	0
3629	1
3630	0
3631	0
3632	0
3633	0
3634	1
3635	0
3636	0
3637	0
3638	0
3639	1
3640	0
3641	0
3642	0
3643	0
3644	0
3645	1
3646	1
3647	0
3648	0
3649	0
3650	0
3651	1
3652	1
3653	0
3654	0
3655	0
3656	0
3657	2
3658	0
3659	0
3660	0
3661	0
3662	0
3663	0
3664	0
3665	0
3666	0
3667	0
3668	1
3669	2
3670	2
3671	1
3672	0
3673	0
3674	0
3675	0
3676	0
3677	0
3678	0
3679	0
3680	0
3681	1
3682	0
3683	0
3684	2
3685	0
3686	1
3687	1
3688	0
3689	0
3690	3
3691	0
3692	1
3693	0
3694	0
3695	0
3696	0
3697	1
3698	0
3699	0
3700	0
3701	1
3702	1
3703	1
3704	0
3705	0
3706	0
3707	1
3708	0
3709	0
3710	0
3711	0
3712	0
3713	0
3714	0
3715	0
3716	1
3717	0
3718	0
3719	0
3720	0
3721	0
3722	1
3723	0
3724	0
3725	0
3726	1
3727	0
3728	0
3729	0
3730	0
3731	1
3732	1
3733	0
3734	0
3735	0
3736	1
3737	1
3738	1
3739	0
3740	0
3741	1
3742	1
3743	0
3744	0
3745	0
3746	1
3747	0
3748	0
3749	0
3750	0
3751	2
3752	0
3753	1
3754	1
3755	0
3756	0
3757	1
3758	0
3759	1
3760	1
3761	0
3762	0
3763	1
3764	1
3765	1
3766	0
3767	0
3768	0
3769	2
3770	0
3771	0
3772	1
3773	0
3774	0
3775	0
3776	1
3777	0
3778	0
3779	0
3780	0
3781	0
3782	1
3783	0
3784	1
3785	0
3786	0
3787	0
3788	0
3789	0
3790	0
3791	0
3792	0
3793	0
3794	0
3795	0
3796	0
3797	1
3798	1
3799	0
3800	0
3801	0
3802	0
3803	0
3804	0
3805	0
3806	0
3807	0
3808	1
3809	0
3810	0
3811	0
3812	0
3813	0
3814	0
3815	0
3816	0
3817	0
3818	0
3819	0
3820	0
3821	0
3822	0
3823	0
3824	0
3825	0
3826	0
3827	0
3828	0
3829	0
3830	0
3831	0
3832	0
3833	0
3834	0
3835	0
3836	0
3837	0
3838	0
3839	0
3840	0
3841	0
3842	0
3843	0
3844	0
3845	0
3846	0
3847	0
3848	0
3849	0
3850	0
3851	0
3852	0
3853	0
3854	0
3855	0
3856	0
3857	0
3858	0
3859	0
3860	0
3861	0
3862	0
3863	0
3864	0
3865	0
3866	0
3867	0
3868	0
3869	0
3870	0
3871	0
3872	0
3873	0
3874	0
3875	0
3876	0
3877	0
3878	0
3879	0
3880	0
3881	0
3882	0
3883	0
3884	0
3885	0
3886	0
3887	0
3888	0
3889	0
3890	0
3891	0
3892	0
3893	0
3894	0
3895	0
3896	0
3897	0
3898	0
3899	0
3900	0
3901	0
3902	0
3903	0
3904	0
3905	0
3906	0
3907	0
3908	0
3909	0
3910	0
3911	0
3912	0
3913	0
3914	0
3915	0
3916	0
3917	0
3918	0
3919	0
3920	0
3921	0
3922	0
3923	0
3924	0
3925	0
3926	0
3927	0
3928	0
3929	0
3930	0
3931	0
3932	0
3933	0
3934	0
3935	0
3936	0
3937	0
3938	0
3939	0
3940	0
3941	0
3942	0
3943	0
3944	0
3945	0
3946	0
3947	0
3948	0
3949	0
3950	0
3951	0
3952	0
3953	0
3954	0
3955	0
3956	0
3957	1
3958	0
3959	0
3960	0
3961	0
3962	0
3963	0
3964	0
3965	0
3966	0
3967	0
3968	0
3969	0
3970	0
3971	0
3972	0
3973	0
3974	0
3975	0
3976	0
3977	0
3978	0
3979	0
3980	0
3981	0
3982	0
3983	0
3984	0
3985	0
3986	0
3987	0
3988	0
3989	0
3990	0
3991	0
3992	0
3993	0
3994	0
3995	0
3996	0
3997	0
3998	0
3999	0
4000	0
