Channel number	Impulses
Channel/#	Impulses/#

0	0
1	0
2	0
3	0
4	0
5	0
6	0
7	0
8	0
9	0
10	0
11	0
12	0
13	0
14	0
15	0
16	0
17	0
18	0
19	0
20	0
21	0
22	0
23	0
24	0
25	0
26	0
27	0
28	0
29	0
30	0
31	0
32	0
33	0
34	0
35	0
36	0
37	0
38	0
39	0
40	0
41	0
42	0
43	0
44	0
45	0
46	0
47	0
48	0
49	0
50	0
51	0
52	0
53	0
54	0
55	1
56	1
57	0
58	3
59	5
60	2
61	5
62	3
63	7
64	2
65	1
66	3
67	3
68	0
69	8
70	6
71	0
72	1
73	1
74	1
75	2
76	2
77	5
78	6
79	3
80	2
81	3
82	2
83	1
84	2
85	1
86	3
87	2
88	3
89	2
90	3
91	1
92	2
93	1
94	1
95	2
96	0
97	3
98	3
99	2
100	4
101	1
102	5
103	2
104	1
105	3
106	3
107	2
108	1
109	2
110	2
111	1
112	2
113	2
114	1
115	0
116	2
117	4
118	1
119	3
120	1
121	3
122	3
123	3
124	0
125	2
126	2
127	5
128	1
129	3
130	2
131	2
132	2
133	2
134	5
135	2
136	0
137	0
138	1
139	3
140	0
141	2
142	1
143	2
144	3
145	4
146	2
147	2
148	4
149	2
150	2
151	1
152	0
153	2
154	4
155	7
156	0
157	1
158	2
159	2
160	0
161	4
162	1
163	1
164	2
165	1
166	3
167	1
168	0
169	2
170	1
171	1
172	3
173	1
174	2
175	1
176	2
177	1
178	1
179	1
180	1
181	1
182	3
183	1
184	1
185	2
186	1
187	2
188	4
189	1
190	3
191	0
192	2
193	1
194	3
195	1
196	0
197	2
198	3
199	2
200	1
201	0
202	2
203	0
204	0
205	2
206	2
207	0
208	0
209	0
210	0
211	2
212	1
213	1
214	4
215	2
216	3
217	1
218	1
219	3
220	2
221	3
222	1
223	3
224	1
225	2
226	3
227	1
228	2
229	0
230	0
231	0
232	0
233	0
234	1
235	1
236	3
237	1
238	6
239	3
240	0
241	3
242	0
243	1
244	2
245	1
246	0
247	0
248	1
249	1
250	0
251	4
252	2
253	2
254	3
255	6
256	0
257	0
258	1
259	1
260	1
261	1
262	0
263	3
264	1
265	4
266	1
267	0
268	2
269	0
270	2
271	3
272	2
273	0
274	2
275	4
276	0
277	0
278	3
279	0
280	1
281	0
282	0
283	2
284	2
285	0
286	1
287	3
288	1
289	1
290	1
291	1
292	1
293	1
294	1
295	0
296	0
297	0
298	0
299	1
300	1
301	0
302	0
303	0
304	2
305	2
306	0
307	0
308	2
309	1
310	3
311	4
312	2
313	0
314	2
315	1
316	1
317	3
318	1
319	2
320	1
321	1
322	3
323	2
324	4
325	1
326	3
327	0
328	2
329	2
330	0
331	0
332	1
333	0
334	0
335	1
336	1
337	0
338	1
339	0
340	2
341	0
342	0
343	1
344	1
345	2
346	1
347	1
348	1
349	2
350	0
351	1
352	1
353	0
354	1
355	0
356	1
357	1
358	1
359	0
360	1
361	0
362	3
363	1
364	2
365	1
366	2
367	0
368	0
369	0
370	0
371	1
372	2
373	0
374	0
375	1
376	1
377	1
378	0
379	1
380	0
381	2
382	0
383	1
384	0
385	1
386	2
387	1
388	2
389	1
390	0
391	4
392	1
393	1
394	0
395	0
396	1
397	0
398	2
399	2
400	1
401	1
402	0
403	1
404	1
405	1
406	0
407	1
408	1
409	0
410	2
411	1
412	1
413	2
414	0
415	1
416	0
417	3
418	0
419	1
420	1
421	1
422	2
423	2
424	0
425	0
426	0
427	0
428	0
429	0
430	1
431	2
432	1
433	1
434	2
435	0
436	1
437	1
438	1
439	2
440	0
441	1
442	1
443	0
444	0
445	2
446	1
447	1
448	0
449	0
450	1
451	2
452	0
453	2
454	1
455	0
456	2
457	2
458	2
459	2
460	2
461	1
462	0
463	2
464	1
465	0
466	0
467	2
468	1
469	0
470	0
471	0
472	1
473	0
474	0
475	0
476	0
477	2
478	1
479	0
480	0
481	1
482	1
483	0
484	1
485	1
486	0
487	1
488	0
489	0
490	3
491	2
492	0
493	0
494	1
495	0
496	0
497	1
498	1
499	2
500	2
501	0
502	0
503	0
504	2
505	1
506	0
507	1
508	0
509	0
510	1
511	0
512	0
513	1
514	0
515	1
516	1
517	0
518	3
519	0
520	0
521	0
522	0
523	1
524	2
525	0
526	1
527	2
528	1
529	2
530	1
531	0
532	1
533	0
534	0
535	0
536	0
537	1
538	0
539	2
540	0
541	1
542	3
543	1
544	1
545	1
546	1
547	1
548	2
549	2
550	1
551	0
552	1
553	1
554	0
555	0
556	2
557	1
558	0
559	1
560	0
561	0
562	0
563	0
564	1
565	0
566	2
567	1
568	0
569	0
570	1
571	0
572	1
573	0
574	1
575	0
576	0
577	1
578	1
579	0
580	1
581	0
582	1
583	0
584	0
585	1
586	3
587	1
588	3
589	2
590	0
591	0
592	0
593	1
594	2
595	1
596	0
597	0
598	0
599	0
600	1
601	0
602	1
603	0
604	0
605	1
606	1
607	2
608	0
609	1
610	2
611	0
612	1
613	0
614	3
615	0
616	2
617	0
618	0
619	2
620	1
621	0
622	0
623	0
624	0
625	0
626	1
627	1
628	2
629	2
630	0
631	1
632	1
633	0
634	0
635	1
636	1
637	0
638	0
639	3
640	0
641	0
642	0
643	1
644	0
645	1
646	1
647	0
648	1
649	1
650	1
651	2
652	0
653	0
654	1
655	1
656	0
657	0
658	1
659	0
660	0
661	1
662	0
663	0
664	1
665	3
666	0
667	1
668	3
669	1
670	0
671	1
672	0
673	1
674	1
675	1
676	1
677	0
678	0
679	1
680	0
681	0
682	0
683	0
684	2
685	1
686	0
687	2
688	0
689	0
690	0
691	0
692	0
693	2
694	1
695	1
696	1
697	0
698	0
699	0
700	0
701	0
702	0
703	1
704	0
705	0
706	1
707	1
708	1
709	1
710	3
711	0
712	0
713	0
714	1
715	0
716	1
717	0
718	1
719	0
720	1
721	1
722	0
723	0
724	1
725	0
726	2
727	1
728	2
729	1
730	0
731	2
732	2
733	3
734	1
735	0
736	1
737	1
738	1
739	2
740	4
741	0
742	2
743	0
744	2
745	1
746	1
747	1
748	0
749	2
750	1
751	2
752	2
753	1
754	2
755	0
756	1
757	1
758	2
759	0
760	1
761	0
762	1
763	0
764	1
765	1
766	2
767	3
768	0
769	1
770	0
771	2
772	2
773	1
774	0
775	4
776	1
777	1
778	3
779	1
780	2
781	2
782	0
783	3
784	3
785	2
786	1
787	0
788	1
789	3
790	0
791	2
792	1
793	1
794	1
795	3
796	1
797	1
798	0
799	1
800	1
801	3
802	0
803	2
804	2
805	0
806	1
807	1
808	3
809	4
810	2
811	2
812	2
813	0
814	2
815	1
816	1
817	2
818	0
819	3
820	2
821	1
822	4
823	0
824	2
825	2
826	1
827	0
828	3
829	4
830	2
831	0
832	3
833	3
834	2
835	3
836	0
837	2
838	1
839	2
840	1
841	0
842	2
843	0
844	2
845	3
846	2
847	2
848	1
849	1
850	1
851	3
852	1
853	1
854	0
855	3
856	0
857	0
858	0
859	1
860	3
861	0
862	1
863	1
864	1
865	2
866	1
867	2
868	1
869	1
870	0
871	1
872	2
873	2
874	0
875	0
876	0
877	0
878	2
879	0
880	1
881	1
882	1
883	1
884	0
885	0
886	0
887	0
888	0
889	1
890	2
891	1
892	1
893	0
894	1
895	1
896	0
897	1
898	0
899	1
900	4
901	1
902	2
903	1
904	1
905	0
906	2
907	1
908	1
909	0
910	1
911	1
912	0
913	0
914	1
915	1
916	3
917	1
918	0
919	2
920	0
921	3
922	0
923	2
924	0
925	2
926	1
927	4
928	1
929	1
930	1
931	0
932	0
933	2
934	0
935	0
936	0
937	1
938	1
939	1
940	4
941	0
942	0
943	2
944	3
945	2
946	1
947	1
948	0
949	0
950	2
951	4
952	0
953	1
954	1
955	2
956	0
957	1
958	1
959	1
960	0
961	2
962	0
963	1
964	1
965	1
966	2
967	0
968	2
969	5
970	2
971	2
972	4
973	1
974	3
975	1
976	3
977	2
978	4
979	3
980	3
981	2
982	4
983	1
984	2
985	2
986	2
987	0
988	2
989	1
990	2
991	1
992	2
993	1
994	2
995	1
996	1
997	2
998	2
999	0
1000	1
1001	4
1002	3
1003	0
1004	3
1005	0
1006	5
1007	3
1008	1
1009	2
1010	2
1011	3
1012	2
1013	0
1014	3
1015	1
1016	1
1017	2
1018	6
1019	1
1020	2
1021	1
1022	0
1023	3
1024	0
1025	1
1026	4
1027	2
1028	3
1029	0
1030	2
1031	3
1032	2
1033	3
1034	4
1035	1
1036	2
1037	2
1038	4
1039	0
1040	0
1041	2
1042	3
1043	1
1044	4
1045	4
1046	3
1047	1
1048	2
1049	2
1050	1
1051	3
1052	2
1053	2
1054	4
1055	2
1056	2
1057	0
1058	2
1059	2
1060	1
1061	1
1062	3
1063	2
1064	0
1065	3
1066	0
1067	1
1068	2
1069	2
1070	1
1071	5
1072	0
1073	0
1074	4
1075	1
1076	4
1077	2
1078	5
1079	3
1080	1
1081	1
1082	2
1083	2
1084	4
1085	1
1086	2
1087	5
1088	0
1089	5
1090	2
1091	2
1092	0
1093	2
1094	4
1095	1
1096	2
1097	2
1098	1
1099	4
1100	3
1101	3
1102	2
1103	2
1104	1
1105	1
1106	2
1107	4
1108	2
1109	2
1110	2
1111	2
1112	2
1113	3
1114	2
1115	2
1116	0
1117	3
1118	0
1119	1
1120	2
1121	2
1122	2
1123	4
1124	0
1125	1
1126	1
1127	2
1128	1
1129	3
1130	2
1131	5
1132	4
1133	4
1134	3
1135	1
1136	1
1137	1
1138	3
1139	2
1140	2
1141	0
1142	4
1143	1
1144	2
1145	1
1146	4
1147	2
1148	3
1149	1
1150	2
1151	3
1152	1
1153	1
1154	1
1155	2
1156	0
1157	3
1158	2
1159	3
1160	3
1161	2
1162	3
1163	2
1164	6
1165	2
1166	4
1167	2
1168	2
1169	3
1170	1
1171	4
1172	4
1173	2
1174	5
1175	3
1176	1
1177	4
1178	3
1179	4
1180	5
1181	1
1182	4
1183	3
1184	0
1185	1
1186	5
1187	0
1188	0
1189	0
1190	5
1191	0
1192	1
1193	0
1194	2
1195	5
1196	2
1197	3
1198	3
1199	4
1200	2
1201	5
1202	3
1203	0
1204	3
1205	1
1206	5
1207	3
1208	3
1209	2
1210	1
1211	4
1212	2
1213	0
1214	2
1215	3
1216	4
1217	2
1218	4
1219	4
1220	3
1221	4
1222	2
1223	1
1224	1
1225	4
1226	0
1227	3
1228	1
1229	2
1230	1
1231	2
1232	2
1233	3
1234	2
1235	1
1236	3
1237	3
1238	7
1239	0
1240	2
1241	3
1242	2
1243	3
1244	6
1245	3
1246	5
1247	3
1248	2
1249	3
1250	0
1251	1
1252	4
1253	2
1254	5
1255	1
1256	3
1257	3
1258	2
1259	7
1260	5
1261	4
1262	1
1263	2
1264	1
1265	4
1266	3
1267	2
1268	2
1269	2
1270	5
1271	1
1272	3
1273	5
1274	2
1275	2
1276	1
1277	2
1278	4
1279	5
1280	2
1281	2
1282	1
1283	6
1284	5
1285	2
1286	2
1287	4
1288	0
1289	6
1290	1
1291	2
1292	1
1293	1
1294	3
1295	4
1296	1
1297	5
1298	6
1299	5
1300	2
1301	1
1302	8
1303	3
1304	2
1305	4
1306	2
1307	3
1308	3
1309	3
1310	7
1311	2
1312	2
1313	3
1314	4
1315	4
1316	3
1317	0
1318	3
1319	3
1320	4
1321	2
1322	0
1323	4
1324	3
1325	1
1326	1
1327	2
1328	3
1329	4
1330	1
1331	5
1332	2
1333	3
1334	6
1335	2
1336	5
1337	0
1338	0
1339	3
1340	1
1341	4
1342	3
1343	2
1344	1
1345	4
1346	4
1347	7
1348	2
1349	1
1350	8
1351	3
1352	3
1353	1
1354	3
1355	2
1356	5
1357	2
1358	3
1359	5
1360	1
1361	4
1362	5
1363	4
1364	5
1365	3
1366	3
1367	4
1368	3
1369	4
1370	4
1371	4
1372	5
1373	4
1374	2
1375	5
1376	1
1377	3
1378	4
1379	1
1380	4
1381	5
1382	3
1383	3
1384	4
1385	2
1386	3
1387	4
1388	3
1389	5
1390	3
1391	5
1392	4
1393	4
1394	7
1395	4
1396	6
1397	3
1398	1
1399	3
1400	3
1401	2
1402	4
1403	5
1404	2
1405	5
1406	4
1407	5
1408	4
1409	1
1410	1
1411	3
1412	2
1413	4
1414	3
1415	2
1416	4
1417	5
1418	1
1419	3
1420	3
1421	5
1422	2
1423	2
1424	1
1425	7
1426	2
1427	3
1428	5
1429	2
1430	4
1431	0
1432	4
1433	3
1434	4
1435	4
1436	3
1437	3
1438	5
1439	4
1440	2
1441	4
1442	0
1443	4
1444	5
1445	2
1446	5
1447	5
1448	2
1449	5
1450	5
1451	2
1452	6
1453	2
1454	3
1455	5
1456	4
1457	4
1458	3
1459	2
1460	4
1461	5
1462	5
1463	1
1464	4
1465	5
1466	2
1467	7
1468	5
1469	5
1470	2
1471	7
1472	3
1473	4
1474	5
1475	3
1476	6
1477	2
1478	5
1479	2
1480	2
1481	3
1482	4
1483	2
1484	6
1485	6
1486	5
1487	4
1488	2
1489	3
1490	3
1491	2
1492	6
1493	3
1494	5
1495	4
1496	3
1497	1
1498	8
1499	5
1500	4
1501	0
1502	3
1503	5
1504	1
1505	4
1506	4
1507	4
1508	3
1509	6
1510	4
1511	4
1512	6
1513	6
1514	5
1515	6
1516	9
1517	7
1518	4
1519	3
1520	4
1521	1
1522	3
1523	3
1524	4
1525	3
1526	4
1527	5
1528	4
1529	5
1530	4
1531	3
1532	2
1533	4
1534	4
1535	5
1536	2
1537	3
1538	4
1539	3
1540	4
1541	4
1542	3
1543	3
1544	2
1545	5
1546	4
1547	5
1548	4
1549	7
1550	7
1551	3
1552	1
1553	5
1554	6
1555	2
1556	7
1557	4
1558	2
1559	4
1560	5
1561	6
1562	3
1563	5
1564	3
1565	3
1566	7
1567	0
1568	4
1569	5
1570	5
1571	3
1572	4
1573	5
1574	4
1575	4
1576	3
1577	7
1578	6
1579	6
1580	5
1581	2
1582	5
1583	1
1584	3
1585	5
1586	5
1587	7
1588	9
1589	5
1590	9
1591	2
1592	2
1593	8
1594	4
1595	3
1596	7
1597	2
1598	7
1599	8
1600	7
1601	1
1602	5
1603	5
1604	7
1605	5
1606	8
1607	5
1608	5
1609	5
1610	3
1611	5
1612	3
1613	3
1614	2
1615	7
1616	2
1617	3
1618	5
1619	5
1620	3
1621	1
1622	3
1623	2
1624	6
1625	3
1626	6
1627	4
1628	7
1629	2
1630	3
1631	4
1632	6
1633	2
1634	5
1635	4
1636	9
1637	3
1638	5
1639	3
1640	3
1641	11
1642	5
1643	3
1644	2
1645	8
1646	6
1647	6
1648	3
1649	3
1650	2
1651	8
1652	6
1653	5
1654	7
1655	4
1656	4
1657	5
1658	8
1659	5
1660	4
1661	3
1662	7
1663	5
1664	0
1665	3
1666	7
1667	6
1668	3
1669	6
1670	11
1671	4
1672	9
1673	5
1674	5
1675	3
1676	8
1677	6
1678	7
1679	6
1680	5
1681	3
1682	8
1683	9
1684	8
1685	6
1686	5
1687	5
1688	4
1689	7
1690	4
1691	7
1692	4
1693	4
1694	9
1695	6
1696	7
1697	6
1698	11
1699	9
1700	10
1701	2
1702	4
1703	6
1704	3
1705	7
1706	7
1707	4
1708	6
1709	4
1710	7
1711	6
1712	6
1713	3
1714	5
1715	6
1716	7
1717	5
1718	7
1719	6
1720	4
1721	5
1722	6
1723	7
1724	6
1725	7
1726	8
1727	3
1728	4
1729	7
1730	10
1731	12
1732	9
1733	7
1734	7
1735	7
1736	8
1737	6
1738	4
1739	7
1740	8
1741	8
1742	3
1743	7
1744	2
1745	9
1746	10
1747	5
1748	2
1749	12
1750	19
1751	5
1752	7
1753	5
1754	4
1755	5
1756	8
1757	5
1758	4
1759	7
1760	7
1761	5
1762	9
1763	6
1764	8
1765	7
1766	7
1767	3
1768	7
1769	6
1770	5
1771	8
1772	8
1773	8
1774	8
1775	6
1776	6
1777	8
1778	7
1779	7
1780	6
1781	6
1782	9
1783	4
1784	9
1785	9
1786	5
1787	6
1788	7
1789	3
1790	9
1791	8
1792	9
1793	5
1794	6
1795	6
1796	7
1797	8
1798	6
1799	6
1800	6
1801	9
1802	7
1803	11
1804	17
1805	9
1806	7
1807	5
1808	14
1809	11
1810	9
1811	10
1812	9
1813	5
1814	13
1815	6
1816	10
1817	9
1818	7
1819	14
1820	11
1821	7
1822	8
1823	16
1824	14
1825	11
1826	17
1827	17
1828	22
1829	12
1830	14
1831	18
1832	10
1833	14
1834	15
1835	11
1836	16
1837	14
1838	15
1839	11
1840	15
1841	9
1842	18
1843	16
1844	27
1845	10
1846	24
1847	13
1848	11
1849	27
1850	15
1851	23
1852	17
1853	20
1854	20
1855	24
1856	19
1857	12
1858	21
1859	23
1860	27
1861	19
1862	29
1863	17
1864	28
1865	26
1866	24
1867	18
1868	29
1869	15
1870	25
1871	21
1872	23
1873	36
1874	33
1875	33
1876	32
1877	26
1878	46
1879	14
1880	34
1881	39
1882	29
1883	31
1884	26
1885	19
1886	27
1887	26
1888	27
1889	31
1890	36
1891	21
1892	26
1893	24
1894	29
1895	15
1896	31
1897	28
1898	17
1899	25
1900	36
1901	23
1902	25
1903	19
1904	24
1905	17
1906	18
1907	25
1908	20
1909	29
1910	24
1911	19
1912	24
1913	33
1914	13
1915	23
1916	22
1917	20
1918	21
1919	23
1920	12
1921	14
1922	23
1923	23
1924	19
1925	9
1926	20
1927	8
1928	22
1929	16
1930	15
1931	15
1932	22
1933	12
1934	10
1935	13
1936	7
1937	12
1938	12
1939	17
1940	15
1941	15
1942	17
1943	4
1944	24
1945	8
1946	4
1947	13
1948	15
1949	10
1950	11
1951	9
1952	11
1953	15
1954	13
1955	15
1956	12
1957	6
1958	12
1959	5
1960	6
1961	11
1962	8
1963	12
1964	15
1965	11
1966	8
1967	11
1968	17
1969	15
1970	13
1971	15
1972	14
1973	6
1974	12
1975	13
1976	10
1977	12
1978	10
1979	10
1980	9
1981	13
1982	11
1983	11
1984	17
1985	12
1986	8
1987	12
1988	17
1989	9
1990	18
1991	3
1992	5
1993	8
1994	6
1995	2
1996	13
1997	7
1998	9
1999	7
2000	7
2001	11
2002	10
2003	12
2004	11
2005	6
2006	10
2007	5
2008	10
2009	8
2010	5
2011	11
2012	8
2013	9
2014	6
2015	7
2016	4
2017	9
2018	8
2019	5
2020	7
2021	5
2022	10
2023	2
2024	5
2025	4
2026	5
2027	1
2028	5
2029	5
2030	11
2031	7
2032	7
2033	8
2034	12
2035	9
2036	6
2037	6
2038	6
2039	2
2040	2
2041	6
2042	6
2043	5
2044	10
2045	8
2046	3
2047	10
2048	5
2049	3
2050	4
2051	4
2052	13
2053	5
2054	7
2055	8
2056	2
2057	7
2058	4
2059	5
2060	5
2061	5
2062	8
2063	7
2064	5
2065	3
2066	0
2067	8
2068	12
2069	6
2070	8
2071	4
2072	5
2073	8
2074	0
2075	10
2076	7
2077	6
2078	4
2079	9
2080	6
2081	8
2082	5
2083	4
2084	7
2085	4
2086	13
2087	6
2088	3
2089	6
2090	5
2091	4
2092	12
2093	7
2094	9
2095	10
2096	6
2097	5
2098	6
2099	8
2100	10
2101	5
2102	10
2103	6
2104	4
2105	15
2106	6
2107	11
2108	6
2109	7
2110	6
2111	8
2112	6
2113	7
2114	4
2115	8
2116	4
2117	7
2118	11
2119	9
2120	5
2121	10
2122	6
2123	12
2124	10
2125	9
2126	5
2127	12
2128	7
2129	7
2130	14
2131	10
2132	8
2133	9
2134	13
2135	7
2136	14
2137	10
2138	5
2139	7
2140	10
2141	7
2142	6
2143	6
2144	5
2145	6
2146	8
2147	15
2148	9
2149	4
2150	7
2151	14
2152	7
2153	14
2154	4
2155	12
2156	8
2157	18
2158	11
2159	3
2160	10
2161	9
2162	3
2163	6
2164	7
2165	6
2166	5
2167	6
2168	5
2169	12
2170	6
2171	5
2172	8
2173	6
2174	8
2175	9
2176	3
2177	5
2178	2
2179	4
2180	9
2181	5
2182	9
2183	3
2184	5
2185	11
2186	10
2187	3
2188	8
2189	10
2190	8
2191	4
2192	5
2193	4
2194	8
2195	7
2196	9
2197	2
2198	7
2199	2
2200	6
2201	5
2202	5
2203	4
2204	5
2205	5
2206	4
2207	6
2208	5
2209	5
2210	2
2211	6
2212	6
2213	7
2214	8
2215	11
2216	4
2217	5
2218	7
2219	12
2220	3
2221	5
2222	3
2223	4
2224	0
2225	3
2226	5
2227	3
2228	7
2229	1
2230	5
2231	9
2232	1
2233	5
2234	2
2235	4
2236	4
2237	5
2238	7
2239	1
2240	5
2241	7
2242	7
2243	3
2244	6
2245	4
2246	6
2247	1
2248	2
2249	6
2250	1
2251	9
2252	1
2253	5
2254	6
2255	2
2256	6
2257	3
2258	9
2259	1
2260	6
2261	3
2262	8
2263	4
2264	6
2265	4
2266	4
2267	3
2268	2
2269	2
2270	5
2271	10
2272	4
2273	4
2274	5
2275	1
2276	5
2277	1
2278	5
2279	4
2280	5
2281	3
2282	3
2283	2
2284	4
2285	6
2286	7
2287	6
2288	2
2289	2
2290	3
2291	3
2292	3
2293	4
2294	2
2295	6
2296	2
2297	3
2298	0
2299	6
2300	5
2301	1
2302	4
2303	5
2304	2
2305	4
2306	5
2307	2
2308	2
2309	5
2310	2
2311	1
2312	2
2313	3
2314	5
2315	4
2316	2
2317	1
2318	1
2319	6
2320	5
2321	1
2322	4
2323	2
2324	1
2325	3
2326	8
2327	4
2328	4
2329	1
2330	1
2331	3
2332	1
2333	6
2334	5
2335	5
2336	4
2337	3
2338	5
2339	6
2340	4
2341	3
2342	2
2343	4
2344	3
2345	1
2346	0
2347	3
2348	4
2349	4
2350	1
2351	0
2352	4
2353	2
2354	1
2355	1
2356	1
2357	5
2358	3
2359	3
2360	6
2361	7
2362	3
2363	1
2364	5
2365	2
2366	3
2367	3
2368	2
2369	2
2370	5
2371	3
2372	3
2373	2
2374	5
2375	4
2376	6
2377	6
2378	3
2379	2
2380	4
2381	5
2382	3
2383	2
2384	1
2385	7
2386	2
2387	7
2388	5
2389	1
2390	5
2391	1
2392	4
2393	3
2394	2
2395	4
2396	4
2397	2
2398	4
2399	3
2400	5
2401	2
2402	1
2403	5
2404	6
2405	2
2406	4
2407	3
2408	3
2409	5
2410	7
2411	8
2412	4
2413	1
2414	2
2415	2
2416	3
2417	5
2418	5
2419	4
2420	2
2421	2
2422	5
2423	2
2424	9
2425	2
2426	0
2427	2
2428	4
2429	6
2430	3
2431	3
2432	3
2433	3
2434	6
2435	7
2436	6
2437	0
2438	3
2439	4
2440	4
2441	3
2442	2
2443	3
2444	4
2445	8
2446	10
2447	0
2448	2
2449	2
2450	2
2451	2
2452	3
2453	1
2454	5
2455	3
2456	2
2457	6
2458	2
2459	4
2460	6
2461	3
2462	2
2463	3
2464	3
2465	2
2466	1
2467	6
2468	4
2469	3
2470	3
2471	2
2472	1
2473	0
2474	2
2475	2
2476	4
2477	6
2478	3
2479	1
2480	4
2481	2
2482	4
2483	2
2484	6
2485	1
2486	3
2487	1
2488	2
2489	2
2490	4
2491	6
2492	3
2493	1
2494	4
2495	2
2496	5
2497	2
2498	5
2499	5
2500	3
2501	5
2502	3
2503	1
2504	5
2505	7
2506	4
2507	3
2508	5
2509	4
2510	5
2511	2
2512	1
2513	6
2514	3
2515	2
2516	4
2517	3
2518	5
2519	2
2520	4
2521	4
2522	3
2523	3
2524	2
2525	5
2526	9
2527	3
2528	5
2529	3
2530	6
2531	1
2532	5
2533	2
2534	8
2535	7
2536	8
2537	2
2538	5
2539	5
2540	6
2541	7
2542	4
2543	3
2544	7
2545	2
2546	6
2547	6
2548	8
2549	5
2550	6
2551	4
2552	1
2553	4
2554	3
2555	3
2556	7
2557	2
2558	5
2559	4
2560	6
2561	5
2562	3
2563	5
2564	4
2565	2
2566	5
2567	4
2568	3
2569	11
2570	3
2571	7
2572	5
2573	4
2574	5
2575	8
2576	1
2577	4
2578	4
2579	6
2580	3
2581	4
2582	8
2583	1
2584	4
2585	6
2586	2
2587	6
2588	1
2589	3
2590	2
2591	5
2592	2
2593	2
2594	3
2595	1
2596	2
2597	2
2598	2
2599	2
2600	2
2601	3
2602	2
2603	5
2604	2
2605	4
2606	0
2607	2
2608	7
2609	4
2610	1
2611	2
2612	4
2613	0
2614	5
2615	3
2616	3
2617	2
2618	1
2619	5
2620	2
2621	1
2622	4
2623	3
2624	3
2625	6
2626	2
2627	1
2628	3
2629	3
2630	4
2631	4
2632	5
2633	0
2634	4
2635	3
2636	4
2637	3
2638	4
2639	2
2640	3
2641	0
2642	7
2643	5
2644	2
2645	1
2646	5
2647	2
2648	3
2649	5
2650	3
2651	8
2652	5
2653	4
2654	1
2655	1
2656	4
2657	5
2658	2
2659	3
2660	1
2661	6
2662	7
2663	1
2664	5
2665	1
2666	0
2667	4
2668	6
2669	3
2670	3
2671	2
2672	4
2673	3
2674	3
2675	2
2676	2
2677	1
2678	3
2679	0
2680	2
2681	2
2682	2
2683	4
2684	4
2685	3
2686	1
2687	3
2688	3
2689	5
2690	5
2691	1
2692	3
2693	2
2694	5
2695	1
2696	2
2697	1
2698	2
2699	0
2700	6
2701	5
2702	2
2703	2
2704	4
2705	6
2706	3
2707	1
2708	1
2709	0
2710	3
2711	2
2712	0
2713	2
2714	0
2715	6
2716	4
2717	2
2718	1
2719	6
2720	2
2721	3
2722	2
2723	4
2724	2
2725	2
2726	3
2727	1
2728	0
2729	4
2730	0
2731	2
2732	3
2733	0
2734	1
2735	2
2736	4
2737	5
2738	1
2739	3
2740	4
2741	2
2742	2
2743	2
2744	1
2745	4
2746	2
2747	4
2748	3
2749	3
2750	5
2751	4
2752	5
2753	6
2754	3
2755	2
2756	1
2757	2
2758	2
2759	2
2760	7
2761	2
2762	3
2763	1
2764	5
2765	4
2766	2
2767	0
2768	2
2769	5
2770	2
2771	4
2772	1
2773	3
2774	4
2775	1
2776	3
2777	5
2778	3
2779	4
2780	4
2781	0
2782	6
2783	4
2784	1
2785	3
2786	3
2787	6
2788	6
2789	2
2790	2
2791	4
2792	2
2793	1
2794	3
2795	0
2796	8
2797	6
2798	0
2799	4
2800	2
2801	1
2802	1
2803	2
2804	1
2805	2
2806	3
2807	4
2808	0
2809	6
2810	3
2811	3
2812	3
2813	2
2814	2
2815	2
2816	2
2817	2
2818	1
2819	1
2820	5
2821	6
2822	5
2823	2
2824	3
2825	6
2826	1
2827	2
2828	3
2829	2
2830	4
2831	4
2832	5
2833	1
2834	4
2835	4
2836	2
2837	3
2838	2
2839	2
2840	2
2841	2
2842	0
2843	2
2844	2
2845	1
2846	4
2847	0
2848	4
2849	6
2850	5
2851	3
2852	1
2853	3
2854	7
2855	3
2856	1
2857	3
2858	3
2859	5
2860	3
2861	5
2862	6
2863	1
2864	2
2865	2
2866	2
2867	3
2868	4
2869	2
2870	4
2871	5
2872	5
2873	5
2874	3
2875	2
2876	5
2877	2
2878	2
2879	4
2880	4
2881	2
2882	2
2883	5
2884	3
2885	0
2886	4
2887	2
2888	5
2889	3
2890	2
2891	4
2892	3
2893	0
2894	9
2895	6
2896	4
2897	5
2898	3
2899	4
2900	1
2901	2
2902	2
2903	2
2904	2
2905	2
2906	3
2907	3
2908	4
2909	4
2910	1
2911	5
2912	4
2913	1
2914	4
2915	3
2916	3
2917	1
2918	1
2919	1
2920	2
2921	5
2922	1
2923	3
2924	1
2925	3
2926	6
2927	6
2928	1
2929	3
2930	1
2931	6
2932	1
2933	2
2934	1
2935	1
2936	3
2937	4
2938	1
2939	5
2940	5
2941	3
2942	7
2943	2
2944	1
2945	1
2946	4
2947	0
2948	3
2949	0
2950	3
2951	1
2952	6
2953	3
2954	4
2955	1
2956	2
2957	3
2958	0
2959	0
2960	6
2961	2
2962	2
2963	2
2964	4
2965	1
2966	5
2967	3
2968	1
2969	2
2970	4
2971	3
2972	2
2973	0
2974	1
2975	2
2976	3
2977	2
2978	2
2979	1
2980	2
2981	4
2982	2
2983	2
2984	3
2985	2
2986	0
2987	2
2988	8
2989	3
2990	3
2991	1
2992	3
2993	4
2994	4
2995	1
2996	2
2997	1
2998	4
2999	0
3000	3
3001	5
3002	2
3003	6
3004	4
3005	2
3006	0
3007	3
3008	1
3009	3
3010	4
3011	3
3012	3
3013	1
3014	10
3015	2
3016	2
3017	0
3018	4
3019	1
3020	4
3021	2
3022	4
3023	3
3024	5
3025	2
3026	5
3027	2
3028	3
3029	1
3030	4
3031	1
3032	2
3033	6
3034	1
3035	1
3036	0
3037	2
3038	3
3039	3
3040	2
3041	1
3042	1
3043	3
3044	6
3045	2
3046	5
3047	3
3048	3
3049	4
3050	2
3051	0
3052	6
3053	0
3054	3
3055	2
3056	1
3057	5
3058	2
3059	1
3060	0
3061	0
3062	3
3063	0
3064	1
3065	2
3066	3
3067	3
3068	3
3069	0
3070	1
3071	1
3072	2
3073	2
3074	4
3075	3
3076	2
3077	2
3078	3
3079	4
3080	4
3081	2
3082	2
3083	3
3084	4
3085	0
3086	0
3087	1
3088	1
3089	0
3090	1
3091	2
3092	1
3093	3
3094	2
3095	1
3096	3
3097	2
3098	1
3099	4
3100	3
3101	2
3102	3
3103	7
3104	1
3105	5
3106	1
3107	1
3108	0
3109	0
3110	2
3111	1
3112	1
3113	6
3114	2
3115	3
3116	1
3117	6
3118	2
3119	4
3120	1
3121	1
3122	0
3123	5
3124	1
3125	3
3126	3
3127	1
3128	2
3129	5
3130	0
3131	3
3132	4
3133	0
3134	0
3135	0
3136	2
3137	2
3138	2
3139	3
3140	2
3141	3
3142	1
3143	1
3144	2
3145	2
3146	1
3147	2
3148	4
3149	2
3150	2
3151	2
3152	3
3153	1
3154	1
3155	4
3156	5
3157	1
3158	4
3159	1
3160	1
3161	5
3162	1
3163	2
3164	0
3165	2
3166	3
3167	4
3168	2
3169	1
3170	2
3171	3
3172	2
3173	0
3174	3
3175	0
3176	5
3177	2
3178	2
3179	1
3180	3
3181	1
3182	1
3183	2
3184	1
3185	0
3186	2
3187	4
3188	3
3189	1
3190	3
3191	2
3192	3
3193	3
3194	3
3195	0
3196	1
3197	2
3198	4
3199	2
3200	0
3201	0
3202	3
3203	1
3204	3
3205	0
3206	3
3207	1
3208	0
3209	3
3210	1
3211	4
3212	4
3213	2
3214	1
3215	0
3216	2
3217	0
3218	2
3219	3
3220	3
3221	3
3222	4
3223	0
3224	2
3225	1
3226	0
3227	0
3228	0
3229	2
3230	3
3231	1
3232	1
3233	4
3234	2
3235	2
3236	1
3237	1
3238	2
3239	2
3240	4
3241	2
3242	5
3243	1
3244	2
3245	5
3246	3
3247	2
3248	4
3249	0
3250	2
3251	4
3252	3
3253	0
3254	1
3255	1
3256	0
3257	1
3258	2
3259	3
3260	5
3261	2
3262	3
3263	1
3264	4
3265	3
3266	1
3267	1
3268	2
3269	1
3270	1
3271	1
3272	1
3273	1
3274	1
3275	1
3276	3
3277	2
3278	0
3279	0
3280	1
3281	0
3282	1
3283	2
3284	0
3285	1
3286	0
3287	1
3288	1
3289	0
3290	1
3291	2
3292	4
3293	4
3294	0
3295	0
3296	1
3297	1
3298	3
3299	2
3300	1
3301	0
3302	2
3303	1
3304	1
3305	1
3306	1
3307	1
3308	4
3309	6
3310	2
3311	2
3312	0
3313	1
3314	2
3315	0
3316	0
3317	4
3318	2
3319	4
3320	1
3321	0
3322	1
3323	0
3324	3
3325	3
3326	4
3327	2
3328	1
3329	1
3330	2
3331	1
3332	1
3333	1
3334	3
3335	1
3336	1
3337	4
3338	1
3339	1
3340	1
3341	3
3342	0
3343	0
3344	3
3345	1
3346	1
3347	0
3348	1
3349	0
3350	1
3351	2
3352	3
3353	1
3354	1
3355	2
3356	1
3357	2
3358	2
3359	3
3360	0
3361	1
3362	4
3363	0
3364	3
3365	1
3366	2
3367	4
3368	2
3369	0
3370	1
3371	0
3372	2
3373	1
3374	1
3375	0
3376	1
3377	2
3378	0
3379	3
3380	2
3381	1
3382	2
3383	2
3384	0
3385	2
3386	0
3387	0
3388	0
3389	0
3390	2
3391	0
3392	1
3393	2
3394	1
3395	1
3396	2
3397	0
3398	2
3399	2
3400	1
3401	4
3402	0
3403	1
3404	1
3405	2
3406	2
3407	1
3408	1
3409	4
3410	4
3411	2
3412	0
3413	0
3414	0
3415	1
3416	1
3417	0
3418	0
3419	2
3420	0
3421	0
3422	0
3423	2
3424	1
3425	0
3426	3
3427	1
3428	2
3429	0
3430	1
3431	2
3432	0
3433	0
3434	1
3435	0
3436	3
3437	3
3438	0
3439	3
3440	2
3441	1
3442	2
3443	1
3444	0
3445	1
3446	1
3447	0
3448	0
3449	2
3450	0
3451	2
3452	1
3453	3
3454	0
3455	0
3456	1
3457	1
3458	1
3459	1
3460	0
3461	1
3462	2
3463	3
3464	1
3465	0
3466	1
3467	3
3468	2
3469	1
3470	2
3471	1
3472	6
3473	0
3474	1
3475	1
3476	1
3477	1
3478	0
3479	0
3480	1
3481	0
3482	1
3483	3
3484	0
3485	0
3486	0
3487	0
3488	0
3489	0
3490	3
3491	0
3492	0
3493	0
3494	1
3495	0
3496	0
3497	0
3498	1
3499	2
3500	0
3501	1
3502	1
3503	1
3504	2
3505	1
3506	0
3507	1
3508	1
3509	2
3510	2
3511	0
3512	1
3513	0
3514	2
3515	1
3516	2
3517	1
3518	0
3519	1
3520	0
3521	0
3522	1
3523	0
3524	1
3525	1
3526	3
3527	0
3528	0
3529	0
3530	2
3531	2
3532	0
3533	1
3534	0
3535	1
3536	1
3537	1
3538	1
3539	1
3540	1
3541	0
3542	1
3543	0
3544	0
3545	2
3546	0
3547	0
3548	0
3549	1
3550	0
3551	0
3552	2
3553	0
3554	0
3555	0
3556	1
3557	1
3558	1
3559	2
3560	0
3561	3
3562	0
3563	1
3564	3
3565	1
3566	0
3567	0
3568	0
3569	0
3570	1
3571	1
3572	0
3573	1
3574	1
3575	0
3576	2
3577	0
3578	1
3579	0
3580	1
3581	1
3582	0
3583	1
3584	0
3585	2
3586	1
3587	1
3588	1
3589	1
3590	0
3591	0
3592	0
3593	0
3594	1
3595	1
3596	0
3597	0
3598	1
3599	0
3600	0
3601	0
3602	0
3603	2
3604	0
3605	1
3606	0
3607	0
3608	0
3609	3
3610	0
3611	1
3612	0
3613	0
3614	0
3615	0
3616	0
3617	1
3618	0
3619	0
3620	1
3621	0
3622	1
3623	0
3624	0
3625	0
3626	0
3627	0
3628	0
3629	1
3630	0
3631	1
3632	0
3633	0
3634	1
3635	0
3636	0
3637	2
3638	1
3639	1
3640	2
3641	0
3642	0
3643	0
3644	1
3645	0
3646	0
3647	0
3648	0
3649	0
3650	1
3651	1
3652	1
3653	1
3654	1
3655	0
3656	0
3657	0
3658	1
3659	0
3660	0
3661	0
3662	0
3663	0
3664	1
3665	1
3666	1
3667	3
3668	0
3669	0
3670	0
3671	0
3672	0
3673	0
3674	0
3675	0
3676	0
3677	0
3678	0
3679	0
3680	0
3681	0
3682	0
3683	1
3684	1
3685	0
3686	0
3687	0
3688	0
3689	0
3690	0
3691	0
3692	1
3693	0
3694	0
3695	1
3696	0
3697	0
3698	0
3699	0
3700	0
3701	0
3702	0
3703	1
3704	0
3705	0
3706	0
3707	0
3708	0
3709	0
3710	0
3711	0
3712	0
3713	1
3714	0
3715	0
3716	1
3717	1
3718	0
3719	0
3720	0
3721	0
3722	0
3723	0
3724	0
3725	1
3726	0
3727	0
3728	0
3729	0
3730	0
3731	0
3732	0
3733	0
3734	0
3735	0
3736	0
3737	0
3738	0
3739	0
3740	0
3741	0
3742	0
3743	0
3744	1
3745	0
3746	0
3747	0
3748	0
3749	1
3750	0
3751	0
3752	0
3753	0
3754	0
3755	0
3756	0
3757	0
3758	0
3759	0
3760	0
3761	0
3762	0
3763	1
3764	0
3765	0
3766	0
3767	0
3768	0
3769	0
3770	0
3771	0
3772	0
3773	0
3774	0
3775	0
3776	0
3777	0
3778	0
3779	0
3780	0
3781	0
3782	0
3783	1
3784	0
3785	0
3786	0
3787	0
3788	0
3789	0
3790	0
3791	0
3792	0
3793	0
3794	0
3795	0
3796	0
3797	0
3798	0
3799	0
3800	1
3801	1
3802	0
3803	0
3804	0
3805	0
3806	0
3807	0
3808	0
3809	0
3810	0
3811	0
3812	0
3813	0
3814	0
3815	0
3816	0
3817	0
3818	0
3819	0
3820	0
3821	0
3822	0
3823	0
3824	0
3825	0
3826	0
3827	0
3828	0
3829	0
3830	0
3831	0
3832	0
3833	0
3834	0
3835	0
3836	0
3837	0
3838	0
3839	0
3840	0
3841	0
3842	0
3843	0
3844	0
3845	0
3846	0
3847	0
3848	0
3849	0
3850	0
3851	0
3852	0
3853	0
3854	0
3855	0
3856	0
3857	0
3858	0
3859	0
3860	0
3861	0
3862	0
3863	0
3864	0
3865	0
3866	0
3867	0
3868	0
3869	0
3870	0
3871	0
3872	0
3873	0
3874	0
3875	0
3876	0
3877	0
3878	0
3879	0
3880	0
3881	0
3882	0
3883	0
3884	0
3885	0
3886	0
3887	0
3888	0
3889	0
3890	0
3891	0
3892	0
3893	0
3894	0
3895	0
3896	0
3897	0
3898	0
3899	0
3900	0
3901	0
3902	0
3903	0
3904	0
3905	0
3906	0
3907	0
3908	0
3909	0
3910	0
3911	0
3912	0
3913	0
3914	0
3915	0
3916	0
3917	0
3918	0
3919	0
3920	0
3921	0
3922	0
3923	0
3924	0
3925	0
3926	0
3927	0
3928	0
3929	0
3930	0
3931	0
3932	0
3933	0
3934	0
3935	0
3936	0
3937	0
3938	0
3939	0
3940	0
3941	0
3942	0
3943	0
3944	0
3945	0
3946	0
3947	0
3948	0
3949	0
3950	0
3951	0
3952	0
3953	0
3954	0
3955	0
3956	0
3957	0
3958	0
3959	0
3960	0
3961	0
3962	0
3963	0
3964	0
3965	0
3966	0
3967	0
3968	0
3969	0
3970	0
3971	0
3972	0
3973	0
3974	0
3975	0
3976	0
3977	0
3978	0
3979	0
3980	0
3981	0
3982	0
3983	0
3984	0
3985	0
3986	0
3987	0
3988	0
3989	0
3990	0
3991	0
3992	0
3993	0
3994	0
3995	0
3996	0
3997	0
3998	0
3999	0
4000	0
