Channel number	Impulses
Channel/#	Impulses/#

0	0
1	0
2	0
3	0
4	0
5	0
6	0
7	0
8	0
9	0
10	0
11	0
12	0
13	0
14	0
15	0
16	0
17	0
18	0
19	0
20	0
21	0
22	0
23	0
24	0
25	0
26	0
27	0
28	0
29	0
30	0
31	0
32	0
33	0
34	0
35	0
36	0
37	0
38	0
39	0
40	0
41	0
42	0
43	0
44	0
45	0
46	0
47	0
48	0
49	0
50	0
51	1
52	1
53	0
54	1
55	0
56	1
57	3
58	3
59	6
60	3
61	3
62	6
63	6
64	0
65	4
66	5
67	3
68	2
69	6
70	7
71	3
72	7
73	3
74	4
75	5
76	4
77	2
78	3
79	3
80	2
81	4
82	5
83	3
84	5
85	1
86	5
87	4
88	5
89	2
90	2
91	1
92	2
93	6
94	5
95	5
96	4
97	2
98	3
99	6
100	2
101	3
102	3
103	1
104	3
105	5
106	3
107	0
108	4
109	5
110	3
111	4
112	3
113	1
114	3
115	2
116	5
117	3
118	4
119	6
120	2
121	3
122	3
123	6
124	4
125	4
126	3
127	4
128	1
129	4
130	1
131	2
132	6
133	0
134	5
135	2
136	2
137	4
138	2
139	1
140	4
141	4
142	3
143	3
144	2
145	0
146	1
147	1
148	5
149	4
150	3
151	1
152	1
153	1
154	2
155	5
156	1
157	3
158	2
159	1
160	1
161	0
162	1
163	2
164	4
165	3
166	3
167	0
168	1
169	5
170	3
171	0
172	3
173	5
174	2
175	2
176	3
177	0
178	0
179	3
180	4
181	4
182	4
183	2
184	4
185	3
186	1
187	4
188	1
189	8
190	1
191	6
192	0
193	1
194	0
195	2
196	6
197	2
198	2
199	3
200	4
201	4
202	3
203	5
204	1
205	0
206	7
207	3
208	1
209	0
210	3
211	3
212	2
213	0
214	1
215	3
216	2
217	2
218	0
219	4
220	4
221	1
222	1
223	1
224	2
225	1
226	1
227	3
228	0
229	1
230	3
231	2
232	3
233	1
234	0
235	0
236	3
237	2
238	3
239	1
240	1
241	3
242	3
243	1
244	3
245	1
246	1
247	3
248	1
249	2
250	1
251	1
252	0
253	0
254	3
255	2
256	0
257	2
258	3
259	1
260	3
261	3
262	2
263	2
264	3
265	0
266	2
267	2
268	1
269	5
270	3
271	3
272	1
273	3
274	1
275	0
276	2
277	2
278	4
279	0
280	1
281	0
282	5
283	2
284	2
285	2
286	0
287	3
288	0
289	1
290	3
291	5
292	3
293	0
294	1
295	2
296	2
297	1
298	1
299	1
300	1
301	2
302	2
303	1
304	2
305	3
306	4
307	3
308	1
309	1
310	2
311	0
312	2
313	2
314	2
315	1
316	1
317	3
318	1
319	2
320	0
321	0
322	1
323	3
324	0
325	0
326	0
327	1
328	0
329	2
330	2
331	0
332	0
333	1
334	0
335	2
336	1
337	2
338	0
339	1
340	1
341	0
342	1
343	3
344	2
345	2
346	1
347	2
348	0
349	3
350	1
351	4
352	0
353	5
354	2
355	1
356	3
357	1
358	0
359	1
360	0
361	0
362	3
363	2
364	1
365	4
366	1
367	0
368	1
369	0
370	0
371	1
372	2
373	0
374	1
375	3
376	1
377	0
378	0
379	1
380	6
381	0
382	1
383	3
384	2
385	1
386	1
387	1
388	2
389	2
390	1
391	1
392	3
393	0
394	0
395	0
396	2
397	2
398	0
399	2
400	4
401	1
402	0
403	2
404	1
405	3
406	4
407	0
408	0
409	0
410	1
411	1
412	1
413	0
414	4
415	2
416	0
417	1
418	1
419	0
420	2
421	0
422	3
423	1
424	1
425	2
426	3
427	1
428	1
429	3
430	2
431	0
432	1
433	0
434	2
435	1
436	1
437	2
438	0
439	2
440	2
441	0
442	1
443	2
444	3
445	0
446	0
447	3
448	3
449	1
450	6
451	1
452	4
453	0
454	3
455	0
456	3
457	3
458	2
459	1
460	1
461	0
462	0
463	2
464	0
465	1
466	0
467	0
468	4
469	1
470	0
471	1
472	0
473	4
474	0
475	2
476	1
477	1
478	1
479	3
480	2
481	2
482	2
483	1
484	0
485	1
486	2
487	0
488	1
489	5
490	3
491	2
492	2
493	0
494	1
495	1
496	0
497	1
498	0
499	0
500	2
501	1
502	2
503	0
504	3
505	1
506	0
507	0
508	1
509	1
510	3
511	0
512	0
513	1
514	0
515	1
516	1
517	0
518	2
519	0
520	1
521	1
522	2
523	1
524	1
525	2
526	1
527	1
528	3
529	2
530	0
531	1
532	2
533	0
534	3
535	1
536	1
537	2
538	1
539	2
540	4
541	0
542	0
543	3
544	0
545	0
546	3
547	0
548	0
549	0
550	0
551	1
552	1
553	2
554	2
555	0
556	4
557	1
558	1
559	0
560	0
561	0
562	1
563	1
564	1
565	1
566	3
567	0
568	2
569	0
570	0
571	0
572	2
573	2
574	0
575	5
576	1
577	2
578	0
579	0
580	1
581	0
582	0
583	1
584	3
585	1
586	1
587	1
588	1
589	1
590	0
591	1
592	0
593	2
594	0
595	3
596	0
597	1
598	3
599	1
600	3
601	1
602	1
603	1
604	0
605	2
606	0
607	4
608	0
609	0
610	1
611	1
612	1
613	2
614	0
615	2
616	0
617	0
618	0
619	0
620	2
621	0
622	3
623	1
624	0
625	2
626	1
627	1
628	1
629	1
630	1
631	0
632	4
633	3
634	0
635	1
636	1
637	1
638	1
639	3
640	0
641	0
642	1
643	0
644	0
645	0
646	0
647	0
648	2
649	0
650	0
651	0
652	2
653	1
654	2
655	1
656	2
657	1
658	1
659	1
660	1
661	2
662	0
663	0
664	4
665	1
666	2
667	2
668	1
669	1
670	1
671	2
672	0
673	2
674	0
675	2
676	0
677	2
678	0
679	0
680	0
681	2
682	2
683	1
684	1
685	0
686	1
687	0
688	2
689	2
690	1
691	0
692	2
693	0
694	0
695	1
696	0
697	0
698	2
699	0
700	0
701	2
702	0
703	1
704	1
705	2
706	1
707	0
708	1
709	2
710	0
711	3
712	4
713	5
714	4
715	1
716	4
717	0
718	0
719	2
720	0
721	1
722	1
723	0
724	4
725	1
726	0
727	0
728	1
729	0
730	2
731	0
732	1
733	0
734	0
735	2
736	1
737	4
738	1
739	2
740	0
741	2
742	1
743	1
744	2
745	2
746	2
747	1
748	2
749	2
750	3
751	0
752	1
753	3
754	2
755	0
756	3
757	3
758	4
759	3
760	2
761	3
762	1
763	0
764	2
765	3
766	3
767	1
768	1
769	2
770	7
771	1
772	1
773	0
774	2
775	1
776	2
777	5
778	3
779	3
780	0
781	2
782	1
783	1
784	2
785	2
786	1
787	3
788	0
789	1
790	1
791	2
792	0
793	3
794	3
795	3
796	3
797	4
798	2
799	1
800	1
801	3
802	2
803	3
804	3
805	3
806	4
807	1
808	3
809	4
810	3
811	3
812	2
813	2
814	2
815	4
816	2
817	1
818	5
819	1
820	3
821	4
822	3
823	2
824	4
825	2
826	2
827	4
828	3
829	2
830	6
831	5
832	1
833	0
834	0
835	0
836	8
837	4
838	2
839	1
840	3
841	2
842	2
843	4
844	5
845	3
846	3
847	3
848	6
849	3
850	2
851	2
852	8
853	4
854	4
855	2
856	4
857	2
858	2
859	4
860	3
861	1
862	3
863	4
864	4
865	3
866	3
867	6
868	2
869	3
870	3
871	1
872	2
873	2
874	2
875	2
876	3
877	3
878	2
879	0
880	4
881	4
882	4
883	3
884	2
885	3
886	1
887	2
888	3
889	3
890	1
891	3
892	2
893	0
894	4
895	3
896	3
897	0
898	4
899	2
900	1
901	1
902	3
903	2
904	4
905	2
906	2
907	1
908	1
909	1
910	0
911	2
912	4
913	3
914	1
915	3
916	3
917	0
918	3
919	2
920	2
921	3
922	2
923	1
924	1
925	3
926	6
927	2
928	1
929	1
930	1
931	2
932	4
933	0
934	1
935	1
936	3
937	2
938	4
939	1
940	4
941	5
942	0
943	5
944	2
945	1
946	2
947	8
948	0
949	2
950	2
951	2
952	2
953	6
954	4
955	6
956	4
957	1
958	3
959	1
960	2
961	3
962	4
963	2
964	7
965	1
966	5
967	5
968	3
969	2
970	3
971	1
972	2
973	3
974	2
975	0
976	2
977	6
978	7
979	3
980	3
981	2
982	5
983	0
984	3
985	2
986	1
987	4
988	1
989	1
990	2
991	4
992	3
993	2
994	3
995	1
996	2
997	1
998	4
999	4
1000	2
1001	4
1002	5
1003	4
1004	5
1005	3
1006	0
1007	6
1008	1
1009	2
1010	5
1011	3
1012	3
1013	1
1014	5
1015	2
1016	1
1017	4
1018	0
1019	3
1020	1
1021	4
1022	3
1023	7
1024	3
1025	2
1026	3
1027	3
1028	9
1029	1
1030	6
1031	2
1032	7
1033	1
1034	3
1035	3
1036	9
1037	3
1038	2
1039	2
1040	6
1041	2
1042	1
1043	7
1044	5
1045	4
1046	5
1047	1
1048	3
1049	1
1050	8
1051	3
1052	2
1053	5
1054	3
1055	5
1056	0
1057	5
1058	3
1059	4
1060	1
1061	3
1062	3
1063	3
1064	3
1065	8
1066	5
1067	2
1068	4
1069	2
1070	5
1071	4
1072	2
1073	0
1074	4
1075	3
1076	1
1077	3
1078	4
1079	8
1080	2
1081	5
1082	3
1083	4
1084	0
1085	2
1086	2
1087	7
1088	2
1089	3
1090	6
1091	8
1092	2
1093	1
1094	5
1095	5
1096	2
1097	6
1098	4
1099	3
1100	2
1101	0
1102	2
1103	3
1104	5
1105	6
1106	7
1107	3
1108	5
1109	1
1110	0
1111	2
1112	3
1113	4
1114	2
1115	4
1116	3
1117	2
1118	6
1119	4
1120	2
1121	3
1122	2
1123	2
1124	5
1125	5
1126	2
1127	3
1128	3
1129	5
1130	3
1131	2
1132	2
1133	1
1134	4
1135	4
1136	2
1137	2
1138	7
1139	5
1140	6
1141	4
1142	4
1143	6
1144	0
1145	11
1146	4
1147	4
1148	3
1149	3
1150	7
1151	6
1152	3
1153	7
1154	4
1155	4
1156	3
1157	8
1158	7
1159	3
1160	3
1161	7
1162	2
1163	3
1164	5
1165	6
1166	2
1167	5
1168	4
1169	2
1170	4
1171	6
1172	3
1173	8
1174	4
1175	3
1176	5
1177	7
1178	4
1179	2
1180	9
1181	5
1182	9
1183	5
1184	5
1185	5
1186	6
1187	3
1188	6
1189	3
1190	2
1191	1
1192	2
1193	9
1194	6
1195	0
1196	4
1197	1
1198	7
1199	3
1200	3
1201	5
1202	4
1203	6
1204	7
1205	3
1206	10
1207	3
1208	9
1209	4
1210	4
1211	8
1212	6
1213	9
1214	6
1215	6
1216	1
1217	4
1218	8
1219	7
1220	8
1221	4
1222	4
1223	6
1224	3
1225	6
1226	4
1227	7
1228	2
1229	8
1230	11
1231	4
1232	4
1233	7
1234	2
1235	5
1236	3
1237	5
1238	7
1239	2
1240	6
1241	6
1242	8
1243	4
1244	6
1245	8
1246	4
1247	12
1248	3
1249	7
1250	6
1251	4
1252	5
1253	2
1254	6
1255	4
1256	3
1257	6
1258	6
1259	7
1260	5
1261	5
1262	5
1263	8
1264	3
1265	6
1266	7
1267	2
1268	6
1269	4
1270	8
1271	7
1272	2
1273	6
1274	3
1275	7
1276	7
1277	7
1278	6
1279	8
1280	2
1281	4
1282	4
1283	6
1284	5
1285	4
1286	5
1287	4
1288	6
1289	10
1290	9
1291	4
1292	7
1293	5
1294	6
1295	8
1296	3
1297	4
1298	4
1299	2
1300	11
1301	6
1302	9
1303	3
1304	5
1305	6
1306	4
1307	8
1308	7
1309	4
1310	4
1311	8
1312	3
1313	7
1314	10
1315	4
1316	5
1317	8
1318	3
1319	2
1320	5
1321	7
1322	5
1323	2
1324	3
1325	4
1326	6
1327	7
1328	5
1329	3
1330	4
1331	6
1332	10
1333	4
1334	7
1335	9
1336	4
1337	2
1338	7
1339	5
1340	9
1341	5
1342	7
1343	9
1344	5
1345	4
1346	6
1347	10
1348	5
1349	6
1350	7
1351	3
1352	4
1353	10
1354	5
1355	3
1356	4
1357	3
1358	6
1359	4
1360	3
1361	8
1362	5
1363	5
1364	4
1365	2
1366	9
1367	3
1368	5
1369	16
1370	5
1371	9
1372	8
1373	8
1374	4
1375	5
1376	5
1377	4
1378	4
1379	16
1380	8
1381	7
1382	10
1383	6
1384	10
1385	4
1386	4
1387	10
1388	10
1389	8
1390	3
1391	8
1392	7
1393	3
1394	7
1395	7
1396	12
1397	6
1398	9
1399	11
1400	10
1401	8
1402	8
1403	8
1404	8
1405	9
1406	5
1407	8
1408	1
1409	9
1410	4
1411	6
1412	8
1413	4
1414	5
1415	10
1416	10
1417	5
1418	3
1419	2
1420	2
1421	4
1422	9
1423	3
1424	4
1425	7
1426	7
1427	6
1428	4
1429	6
1430	9
1431	4
1432	8
1433	6
1434	5
1435	2
1436	11
1437	3
1438	3
1439	6
1440	10
1441	13
1442	5
1443	6
1444	6
1445	6
1446	5
1447	8
1448	5
1449	9
1450	7
1451	9
1452	7
1453	9
1454	5
1455	12
1456	10
1457	12
1458	5
1459	8
1460	9
1461	4
1462	11
1463	3
1464	4
1465	8
1466	7
1467	7
1468	14
1469	5
1470	5
1471	10
1472	5
1473	7
1474	2
1475	7
1476	8
1477	5
1478	9
1479	5
1480	5
1481	4
1482	9
1483	5
1484	12
1485	4
1486	8
1487	8
1488	8
1489	11
1490	7
1491	4
1492	7
1493	4
1494	9
1495	4
1496	4
1497	15
1498	8
1499	6
1500	7
1501	13
1502	10
1503	13
1504	5
1505	3
1506	6
1507	6
1508	7
1509	1
1510	9
1511	5
1512	4
1513	7
1514	9
1515	8
1516	12
1517	9
1518	12
1519	9
1520	9
1521	8
1522	9
1523	8
1524	9
1525	4
1526	7
1527	5
1528	2
1529	5
1530	1
1531	6
1532	11
1533	9
1534	7
1535	12
1536	4
1537	3
1538	7
1539	10
1540	6
1541	6
1542	9
1543	7
1544	8
1545	13
1546	11
1547	10
1548	9
1549	11
1550	11
1551	8
1552	7
1553	9
1554	6
1555	11
1556	6
1557	11
1558	9
1559	7
1560	7
1561	11
1562	5
1563	6
1564	14
1565	13
1566	10
1567	5
1568	8
1569	5
1570	8
1571	5
1572	8
1573	10
1574	8
1575	7
1576	2
1577	9
1578	4
1579	8
1580	5
1581	9
1582	8
1583	11
1584	12
1585	11
1586	10
1587	3
1588	5
1589	7
1590	17
1591	7
1592	4
1593	11
1594	9
1595	14
1596	12
1597	5
1598	6
1599	11
1600	8
1601	5
1602	3
1603	6
1604	11
1605	8
1606	10
1607	6
1608	7
1609	2
1610	3
1611	9
1612	6
1613	9
1614	7
1615	5
1616	4
1617	11
1618	7
1619	15
1620	11
1621	7
1622	9
1623	4
1624	11
1625	9
1626	9
1627	14
1628	6
1629	7
1630	17
1631	12
1632	9
1633	10
1634	11
1635	11
1636	10
1637	7
1638	20
1639	11
1640	7
1641	15
1642	8
1643	9
1644	14
1645	9
1646	7
1647	6
1648	3
1649	12
1650	10
1651	10
1652	8
1653	9
1654	17
1655	7
1656	11
1657	16
1658	13
1659	10
1660	12
1661	8
1662	8
1663	13
1664	6
1665	10
1666	13
1667	8
1668	8
1669	6
1670	13
1671	12
1672	17
1673	13
1674	8
1675	7
1676	9
1677	7
1678	8
1679	9
1680	7
1681	12
1682	8
1683	15
1684	8
1685	8
1686	14
1687	5
1688	11
1689	9
1690	6
1691	6
1692	10
1693	10
1694	9
1695	17
1696	9
1697	11
1698	10
1699	11
1700	9
1701	10
1702	14
1703	8
1704	8
1705	14
1706	9
1707	7
1708	12
1709	5
1710	12
1711	6
1712	17
1713	12
1714	11
1715	11
1716	12
1717	13
1718	20
1719	9
1720	6
1721	14
1722	15
1723	11
1724	9
1725	8
1726	11
1727	10
1728	17
1729	8
1730	13
1731	9
1732	20
1733	4
1734	18
1735	5
1736	7
1737	15
1738	10
1739	9
1740	15
1741	11
1742	11
1743	11
1744	10
1745	18
1746	14
1747	15
1748	13
1749	8
1750	13
1751	11
1752	10
1753	19
1754	12
1755	10
1756	15
1757	12
1758	21
1759	12
1760	9
1761	6
1762	11
1763	15
1764	20
1765	15
1766	15
1767	6
1768	11
1769	17
1770	19
1771	11
1772	20
1773	15
1774	17
1775	10
1776	9
1777	16
1778	18
1779	18
1780	16
1781	11
1782	18
1783	14
1784	17
1785	15
1786	11
1787	15
1788	17
1789	13
1790	27
1791	24
1792	15
1793	26
1794	22
1795	26
1796	15
1797	16
1798	27
1799	11
1800	26
1801	34
1802	15
1803	26
1804	33
1805	25
1806	32
1807	24
1808	27
1809	34
1810	17
1811	35
1812	32
1813	22
1814	36
1815	25
1816	32
1817	35
1818	29
1819	29
1820	43
1821	25
1822	35
1823	36
1824	37
1825	45
1826	34
1827	45
1828	44
1829	32
1830	66
1831	29
1832	46
1833	40
1834	39
1835	40
1836	57
1837	40
1838	45
1839	35
1840	52
1841	42
1842	43
1843	60
1844	50
1845	38
1846	47
1847	45
1848	35
1849	54
1850	40
1851	50
1852	49
1853	62
1854	58
1855	57
1856	34
1857	39
1858	45
1859	42
1860	64
1861	33
1862	52
1863	32
1864	42
1865	63
1866	29
1867	40
1868	70
1869	53
1870	34
1871	38
1872	41
1873	48
1874	49
1875	53
1876	50
1877	31
1878	51
1879	21
1880	44
1881	42
1882	41
1883	40
1884	32
1885	31
1886	40
1887	30
1888	39
1889	37
1890	36
1891	33
1892	46
1893	38
1894	40
1895	23
1896	28
1897	40
1898	27
1899	31
1900	43
1901	37
1902	27
1903	21
1904	23
1905	23
1906	28
1907	30
1908	21
1909	12
1910	19
1911	18
1912	23
1913	38
1914	11
1915	28
1916	22
1917	14
1918	27
1919	17
1920	12
1921	17
1922	19
1923	17
1924	13
1925	12
1926	26
1927	9
1928	19
1929	21
1930	14
1931	23
1932	25
1933	23
1934	13
1935	10
1936	23
1937	12
1938	19
1939	19
1940	18
1941	11
1942	22
1943	13
1944	18
1945	15
1946	11
1947	13
1948	20
1949	12
1950	15
1951	10
1952	20
1953	17
1954	14
1955	20
1956	18
1957	8
1958	23
1959	11
1960	10
1961	26
1962	15
1963	13
1964	24
1965	14
1966	9
1967	7
1968	18
1969	17
1970	21
1971	24
1972	16
1973	16
1974	20
1975	14
1976	16
1977	10
1978	20
1979	15
1980	18
1981	15
1982	18
1983	22
1984	17
1985	14
1986	26
1987	11
1988	15
1989	16
1990	16
1991	16
1992	19
1993	18
1994	10
1995	16
1996	18
1997	12
1998	13
1999	9
2000	9
2001	9
2002	17
2003	10
2004	15
2005	8
2006	18
2007	9
2008	15
2009	17
2010	15
2011	9
2012	9
2013	9
2014	4
2015	6
2016	19
2017	12
2018	9
2019	13
2020	12
2021	7
2022	14
2023	10
2024	7
2025	16
2026	10
2027	11
2028	14
2029	13
2030	5
2031	9
2032	12
2033	8
2034	6
2035	10
2036	5
2037	15
2038	14
2039	13
2040	18
2041	14
2042	16
2043	13
2044	13
2045	9
2046	18
2047	13
2048	4
2049	13
2050	12
2051	17
2052	11
2053	12
2054	16
2055	14
2056	18
2057	25
2058	14
2059	20
2060	12
2061	12
2062	11
2063	16
2064	13
2065	15
2066	6
2067	18
2068	13
2069	11
2070	15
2071	12
2072	7
2073	18
2074	16
2075	18
2076	11
2077	20
2078	12
2079	8
2080	15
2081	15
2082	18
2083	19
2084	19
2085	18
2086	18
2087	26
2088	13
2089	13
2090	7
2091	12
2092	10
2093	18
2094	13
2095	11
2096	14
2097	16
2098	19
2099	18
2100	18
2101	19
2102	12
2103	19
2104	8
2105	16
2106	10
2107	20
2108	19
2109	10
2110	17
2111	39
2112	13
2113	18
2114	15
2115	15
2116	14
2117	5
2118	21
2119	9
2120	15
2121	18
2122	7
2123	16
2124	22
2125	13
2126	12
2127	14
2128	5
2129	16
2130	19
2131	14
2132	12
2133	10
2134	12
2135	12
2136	11
2137	14
2138	8
2139	13
2140	14
2141	10
2142	10
2143	7
2144	5
2145	9
2146	9
2147	7
2148	10
2149	5
2150	7
2151	13
2152	11
2153	13
2154	9
2155	12
2156	12
2157	10
2158	7
2159	16
2160	5
2161	6
2162	9
2163	11
2164	12
2165	1
2166	13
2167	8
2168	8
2169	10
2170	7
2171	14
2172	11
2173	14
2174	7
2175	9
2176	7
2177	6
2178	8
2179	6
2180	9
2181	7
2182	12
2183	7
2184	4
2185	10
2186	3
2187	11
2188	7
2189	10
2190	7
2191	6
2192	3
2193	5
2194	8
2195	11
2196	3
2197	9
2198	5
2199	2
2200	6
2201	8
2202	3
2203	10
2204	3
2205	9
2206	8
2207	15
2208	6
2209	6
2210	7
2211	3
2212	5
2213	5
2214	7
2215	11
2216	3
2217	7
2218	3
2219	11
2220	10
2221	8
2222	7
2223	6
2224	10
2225	5
2226	8
2227	9
2228	8
2229	3
2230	7
2231	7
2232	8
2233	11
2234	3
2235	4
2236	7
2237	11
2238	12
2239	7
2240	2
2241	6
2242	10
2243	6
2244	8
2245	7
2246	11
2247	2
2248	6
2249	13
2250	13
2251	10
2252	12
2253	8
2254	8
2255	8
2256	4
2257	7
2258	6
2259	10
2260	8
2261	4
2262	16
2263	4
2264	8
2265	7
2266	3
2267	8
2268	12
2269	9
2270	5
2271	16
2272	3
2273	8
2274	5
2275	3
2276	8
2277	5
2278	7
2279	7
2280	6
2281	9
2282	11
2283	7
2284	3
2285	5
2286	2
2287	7
2288	5
2289	7
2290	5
2291	4
2292	4
2293	7
2294	11
2295	5
2296	3
2297	8
2298	5
2299	6
2300	7
2301	7
2302	5
2303	5
2304	9
2305	6
2306	3
2307	5
2308	14
2309	5
2310	5
2311	7
2312	4
2313	12
2314	4
2315	10
2316	7
2317	4
2318	2
2319	2
2320	7
2321	5
2322	7
2323	5
2324	3
2325	5
2326	3
2327	5
2328	8
2329	4
2330	3
2331	12
2332	4
2333	7
2334	3
2335	5
2336	3
2337	8
2338	10
2339	4
2340	6
2341	6
2342	4
2343	6
2344	5
2345	3
2346	3
2347	4
2348	6
2349	6
2350	5
2351	7
2352	7
2353	2
2354	6
2355	5
2356	15
2357	6
2358	8
2359	5
2360	1
2361	12
2362	3
2363	6
2364	4
2365	4
2366	4
2367	12
2368	4
2369	6
2370	4
2371	8
2372	9
2373	3
2374	6
2375	6
2376	10
2377	7
2378	4
2379	6
2380	7
2381	4
2382	9
2383	3
2384	5
2385	4
2386	6
2387	7
2388	5
2389	5
2390	4
2391	7
2392	4
2393	7
2394	2
2395	8
2396	0
2397	6
2398	4
2399	10
2400	6
2401	8
2402	5
2403	7
2404	5
2405	1
2406	2
2407	6
2408	5
2409	6
2410	11
2411	6
2412	9
2413	5
2414	6
2415	5
2416	6
2417	8
2418	6
2419	4
2420	8
2421	9
2422	9
2423	2
2424	4
2425	7
2426	5
2427	7
2428	7
2429	8
2430	6
2431	7
2432	2
2433	5
2434	7
2435	6
2436	4
2437	3
2438	8
2439	6
2440	4
2441	7
2442	3
2443	9
2444	7
2445	8
2446	8
2447	5
2448	7
2449	4
2450	3
2451	3
2452	1
2453	5
2454	7
2455	3
2456	5
2457	6
2458	5
2459	7
2460	7
2461	5
2462	6
2463	7
2464	6
2465	9
2466	6
2467	9
2468	4
2469	3
2470	5
2471	8
2472	9
2473	3
2474	3
2475	4
2476	4
2477	2
2478	10
2479	5
2480	4
2481	5
2482	7
2483	5
2484	3
2485	7
2486	6
2487	3
2488	3
2489	6
2490	6
2491	6
2492	4
2493	4
2494	6
2495	5
2496	11
2497	5
2498	5
2499	5
2500	8
2501	6
2502	5
2503	5
2504	6
2505	6
2506	6
2507	1
2508	4
2509	5
2510	5
2511	10
2512	7
2513	10
2514	8
2515	3
2516	6
2517	3
2518	9
2519	4
2520	5
2521	7
2522	6
2523	6
2524	9
2525	9
2526	4
2527	8
2528	3
2529	9
2530	4
2531	10
2532	12
2533	2
2534	8
2535	6
2536	9
2537	6
2538	4
2539	11
2540	6
2541	8
2542	5
2543	7
2544	7
2545	6
2546	10
2547	9
2548	5
2549	0
2550	15
2551	16
2552	6
2553	11
2554	8
2555	11
2556	8
2557	7
2558	8
2559	8
2560	7
2561	11
2562	5
2563	13
2564	9
2565	4
2566	7
2567	4
2568	3
2569	11
2570	1
2571	6
2572	9
2573	13
2574	8
2575	7
2576	5
2577	7
2578	5
2579	16
2580	6
2581	5
2582	13
2583	5
2584	5
2585	9
2586	9
2587	7
2588	8
2589	11
2590	4
2591	7
2592	3
2593	4
2594	1
2595	8
2596	10
2597	7
2598	3
2599	3
2600	8
2601	4
2602	3
2603	7
2604	5
2605	9
2606	8
2607	3
2608	5
2609	3
2610	8
2611	3
2612	4
2613	3
2614	4
2615	4
2616	5
2617	11
2618	6
2619	11
2620	7
2621	4
2622	4
2623	6
2624	4
2625	5
2626	4
2627	10
2628	6
2629	5
2630	3
2631	4
2632	1
2633	11
2634	5
2635	7
2636	7
2637	5
2638	6
2639	4
2640	3
2641	1
2642	8
2643	8
2644	7
2645	4
2646	10
2647	3
2648	5
2649	7
2650	7
2651	8
2652	7
2653	2
2654	8
2655	6
2656	5
2657	2
2658	5
2659	6
2660	7
2661	6
2662	3
2663	2
2664	5
2665	7
2666	4
2667	5
2668	7
2669	5
2670	6
2671	8
2672	3
2673	2
2674	5
2675	7
2676	5
2677	4
2678	8
2679	3
2680	5
2681	8
2682	4
2683	8
2684	8
2685	7
2686	6
2687	3
2688	7
2689	2
2690	7
2691	6
2692	9
2693	3
2694	10
2695	6
2696	4
2697	8
2698	3
2699	5
2700	5
2701	8
2702	6
2703	5
2704	4
2705	5
2706	7
2707	0
2708	5
2709	4
2710	8
2711	3
2712	11
2713	7
2714	5
2715	5
2716	3
2717	5
2718	5
2719	5
2720	5
2721	6
2722	7
2723	3
2724	7
2725	4
2726	4
2727	5
2728	4
2729	3
2730	3
2731	3
2732	10
2733	3
2734	5
2735	4
2736	3
2737	4
2738	4
2739	2
2740	2
2741	7
2742	9
2743	3
2744	3
2745	5
2746	4
2747	4
2748	5
2749	6
2750	2
2751	5
2752	5
2753	6
2754	12
2755	8
2756	6
2757	3
2758	3
2759	4
2760	4
2761	5
2762	3
2763	8
2764	1
2765	4
2766	3
2767	4
2768	6
2769	11
2770	5
2771	2
2772	4
2773	2
2774	7
2775	2
2776	4
2777	5
2778	2
2779	5
2780	6
2781	3
2782	4
2783	6
2784	3
2785	5
2786	3
2787	6
2788	5
2789	5
2790	10
2791	1
2792	5
2793	6
2794	4
2795	6
2796	7
2797	3
2798	5
2799	4
2800	6
2801	6
2802	3
2803	3
2804	5
2805	2
2806	7
2807	2
2808	5
2809	6
2810	6
2811	4
2812	1
2813	4
2814	4
2815	1
2816	5
2817	5
2818	3
2819	5
2820	6
2821	5
2822	5
2823	4
2824	2
2825	7
2826	1
2827	1
2828	7
2829	5
2830	2
2831	3
2832	2
2833	2
2834	1
2835	5
2836	4
2837	6
2838	7
2839	3
2840	6
2841	7
2842	4
2843	8
2844	3
2845	4
2846	10
2847	3
2848	5
2849	5
2850	4
2851	6
2852	7
2853	7
2854	2
2855	7
2856	4
2857	4
2858	3
2859	5
2860	5
2861	2
2862	6
2863	4
2864	4
2865	4
2866	7
2867	4
2868	3
2869	3
2870	9
2871	4
2872	4
2873	5
2874	5
2875	5
2876	5
2877	3
2878	1
2879	2
2880	3
2881	6
2882	1
2883	5
2884	3
2885	1
2886	2
2887	3
2888	2
2889	1
2890	2
2891	1
2892	4
2893	5
2894	7
2895	4
2896	6
2897	10
2898	8
2899	5
2900	11
2901	6
2902	6
2903	5
2904	3
2905	4
2906	5
2907	6
2908	3
2909	2
2910	3
2911	5
2912	3
2913	3
2914	9
2915	7
2916	4
2917	4
2918	5
2919	2
2920	4
2921	7
2922	5
2923	3
2924	10
2925	3
2926	2
2927	3
2928	2
2929	5
2930	4
2931	5
2932	7
2933	4
2934	5
2935	3
2936	4
2937	5
2938	7
2939	2
2940	5
2941	6
2942	4
2943	4
2944	1
2945	1
2946	2
2947	1
2948	5
2949	1
2950	4
2951	3
2952	4
2953	10
2954	1
2955	4
2956	4
2957	6
2958	2
2959	3
2960	2
2961	5
2962	2
2963	5
2964	5
2965	3
2966	4
2967	3
2968	1
2969	2
2970	4
2971	4
2972	5
2973	4
2974	4
2975	3
2976	5
2977	1
2978	3
2979	7
2980	10
2981	1
2982	3
2983	4
2984	4
2985	6
2986	3
2987	2
2988	4
2989	0
2990	7
2991	2
2992	8
2993	5
2994	3
2995	0
2996	2
2997	2
2998	4
2999	2
3000	3
3001	5
3002	3
3003	3
3004	5
3005	5
3006	4
3007	5
3008	4
3009	3
3010	1
3011	1
3012	7
3013	0
3014	6
3015	2
3016	3
3017	6
3018	3
3019	2
3020	3
3021	4
3022	4
3023	1
3024	2
3025	3
3026	4
3027	3
3028	6
3029	1
3030	5
3031	1
3032	2
3033	1
3034	2
3035	6
3036	1
3037	3
3038	1
3039	1
3040	1
3041	3
3042	5
3043	3
3044	2
3045	3
3046	4
3047	6
3048	4
3049	3
3050	1
3051	2
3052	7
3053	5
3054	2
3055	4
3056	5
3057	3
3058	1
3059	2
3060	3
3061	0
3062	3
3063	2
3064	6
3065	0
3066	4
3067	3
3068	2
3069	4
3070	1
3071	1
3072	6
3073	5
3074	2
3075	4
3076	0
3077	1
3078	6
3079	2
3080	9
3081	4
3082	0
3083	6
3084	5
3085	3
3086	0
3087	5
3088	2
3089	2
3090	3
3091	4
3092	2
3093	7
3094	0
3095	5
3096	2
3097	4
3098	2
3099	6
3100	4
3101	3
3102	3
3103	3
3104	3
3105	2
3106	6
3107	2
3108	4
3109	4
3110	3
3111	5
3112	1
3113	1
3114	4
3115	1
3116	4
3117	1
3118	1
3119	5
3120	3
3121	3
3122	2
3123	5
3124	4
3125	3
3126	3
3127	2
3128	0
3129	4
3130	1
3131	1
3132	4
3133	5
3134	1
3135	1
3136	3
3137	5
3138	4
3139	7
3140	2
3141	3
3142	3
3143	0
3144	6
3145	1
3146	3
3147	4
3148	7
3149	1
3150	2
3151	8
3152	2
3153	4
3154	3
3155	4
3156	0
3157	0
3158	6
3159	0
3160	2
3161	1
3162	2
3163	4
3164	3
3165	2
3166	4
3167	7
3168	3
3169	7
3170	1
3171	1
3172	3
3173	1
3174	5
3175	2
3176	3
3177	1
3178	1
3179	0
3180	1
3181	4
3182	7
3183	1
3184	0
3185	0
3186	5
3187	5
3188	2
3189	0
3190	3
3191	4
3192	2
3193	6
3194	2
3195	4
3196	2
3197	3
3198	1
3199	1
3200	2
3201	1
3202	3
3203	1
3204	3
3205	1
3206	0
3207	3
3208	2
3209	4
3210	4
3211	0
3212	4
3213	1
3214	3
3215	3
3216	1
3217	2
3218	1
3219	5
3220	3
3221	4
3222	1
3223	4
3224	1
3225	1
3226	1
3227	5
3228	5
3229	5
3230	0
3231	6
3232	0
3233	3
3234	2
3235	2
3236	4
3237	1
3238	1
3239	2
3240	2
3241	4
3242	2
3243	3
3244	4
3245	1
3246	1
3247	1
3248	4
3249	1
3250	0
3251	4
3252	1
3253	0
3254	3
3255	2
3256	0
3257	2
3258	1
3259	2
3260	1
3261	1
3262	3
3263	5
3264	1
3265	4
3266	1
3267	2
3268	2
3269	0
3270	3
3271	2
3272	4
3273	3
3274	0
3275	5
3276	7
3277	1
3278	1
3279	2
3280	3
3281	0
3282	2
3283	1
3284	2
3285	1
3286	1
3287	0
3288	1
3289	4
3290	0
3291	1
3292	1
3293	1
3294	0
3295	2
3296	2
3297	1
3298	3
3299	2
3300	3
3301	2
3302	2
3303	3
3304	1
3305	4
3306	4
3307	1
3308	1
3309	2
3310	4
3311	1
3312	1
3313	3
3314	1
3315	0
3316	2
3317	1
3318	5
3319	1
3320	3
3321	0
3322	3
3323	4
3324	1
3325	0
3326	2
3327	0
3328	2
3329	2
3330	3
3331	1
3332	2
3333	1
3334	3
3335	3
3336	3
3337	2
3338	1
3339	3
3340	1
3341	4
3342	1
3343	0
3344	1
3345	1
3346	3
3347	3
3348	0
3349	3
3350	0
3351	0
3352	0
3353	2
3354	0
3355	0
3356	1
3357	4
3358	2
3359	2
3360	3
3361	3
3362	1
3363	3
3364	3
3365	2
3366	1
3367	1
3368	0
3369	2
3370	3
3371	2
3372	0
3373	2
3374	1
3375	2
3376	1
3377	2
3378	1
3379	0
3380	1
3381	0
3382	3
3383	3
3384	0
3385	0
3386	1
3387	4
3388	1
3389	0
3390	1
3391	3
3392	2
3393	0
3394	2
3395	1
3396	0
3397	1
3398	5
3399	4
3400	0
3401	1
3402	0
3403	0
3404	2
3405	1
3406	1
3407	4
3408	1
3409	0
3410	2
3411	2
3412	2
3413	0
3414	2
3415	1
3416	2
3417	1
3418	3
3419	3
3420	3
3421	0
3422	2
3423	2
3424	1
3425	2
3426	2
3427	0
3428	0
3429	1
3430	3
3431	0
3432	2
3433	1
3434	0
3435	2
3436	0
3437	1
3438	0
3439	0
3440	2
3441	2
3442	1
3443	2
3444	4
3445	2
3446	2
3447	1
3448	1
3449	3
3450	0
3451	0
3452	0
3453	0
3454	1
3455	0
3456	3
3457	1
3458	1
3459	0
3460	1
3461	1
3462	1
3463	1
3464	0
3465	1
3466	1
3467	1
3468	2
3469	0
3470	0
3471	0
3472	1
3473	0
3474	0
3475	2
3476	1
3477	0
3478	1
3479	0
3480	2
3481	2
3482	0
3483	1
3484	2
3485	0
3486	1
3487	0
3488	1
3489	0
3490	2
3491	1
3492	1
3493	1
3494	1
3495	0
3496	2
3497	2
3498	0
3499	0
3500	4
3501	1
3502	1
3503	0
3504	2
3505	0
3506	1
3507	0
3508	0
3509	0
3510	3
3511	0
3512	2
3513	3
3514	1
3515	0
3516	1
3517	2
3518	1
3519	1
3520	0
3521	2
3522	2
3523	0
3524	4
3525	0
3526	0
3527	0
3528	0
3529	0
3530	0
3531	1
3532	0
3533	0
3534	0
3535	0
3536	0
3537	0
3538	0
3539	1
3540	1
3541	2
3542	1
3543	0
3544	0
3545	1
3546	2
3547	1
3548	0
3549	1
3550	0
3551	0
3552	2
3553	0
3554	1
3555	0
3556	0
3557	1
3558	1
3559	0
3560	1
3561	1
3562	0
3563	0
3564	0
3565	1
3566	0
3567	1
3568	0
3569	0
3570	1
3571	2
3572	2
3573	0
3574	0
3575	0
3576	0
3577	1
3578	1
3579	1
3580	2
3581	1
3582	0
3583	1
3584	1
3585	0
3586	0
3587	2
3588	1
3589	1
3590	0
3591	0
3592	2
3593	0
3594	0
3595	0
3596	0
3597	0
3598	0
3599	0
3600	0
3601	0
3602	1
3603	1
3604	0
3605	0
3606	0
3607	0
3608	0
3609	0
3610	0
3611	1
3612	0
3613	2
3614	0
3615	1
3616	0
3617	2
3618	0
3619	0
3620	0
3621	0
3622	0
3623	0
3624	0
3625	0
3626	0
3627	0
3628	0
3629	1
3630	0
3631	0
3632	0
3633	0
3634	0
3635	0
3636	0
3637	0
3638	0
3639	1
3640	1
3641	0
3642	0
3643	0
3644	1
3645	0
3646	0
3647	0
3648	0
3649	0
3650	0
3651	0
3652	0
3653	0
3654	1
3655	0
3656	1
3657	0
3658	0
3659	0
3660	1
3661	0
3662	0
3663	0
3664	0
3665	0
3666	1
3667	0
3668	0
3669	0
3670	0
3671	0
3672	0
3673	1
3674	0
3675	1
3676	1
3677	0
3678	0
3679	0
3680	0
3681	0
3682	0
3683	0
3684	0
3685	0
3686	0
3687	0
3688	0
3689	0
3690	0
3691	0
3692	0
3693	0
3694	0
3695	0
3696	0
3697	0
3698	0
3699	1
3700	0
3701	0
3702	0
3703	0
3704	0
3705	0
3706	0
3707	0
3708	0
3709	0
3710	0
3711	0
3712	0
3713	0
3714	0
3715	0
3716	0
3717	0
3718	0
3719	0
3720	1
3721	0
3722	1
3723	0
3724	0
3725	0
3726	0
3727	0
3728	0
3729	0
3730	0
3731	0
3732	0
3733	0
3734	0
3735	0
3736	0
3737	0
3738	0
3739	0
3740	0
3741	1
3742	0
3743	0
3744	0
3745	0
3746	0
3747	0
3748	0
3749	0
3750	0
3751	1
3752	0
3753	0
3754	0
3755	0
3756	0
3757	0
3758	0
3759	0
3760	1
3761	0
3762	0
3763	0
3764	0
3765	0
3766	0
3767	1
3768	0
3769	0
3770	0
3771	0
3772	0
3773	0
3774	0
3775	0
3776	0
3777	0
3778	0
3779	0
3780	0
3781	0
3782	0
3783	0
3784	0
3785	0
3786	0
3787	0
3788	0
3789	0
3790	0
3791	0
3792	0
3793	0
3794	0
3795	0
3796	0
3797	0
3798	0
3799	0
3800	0
3801	0
3802	0
3803	0
3804	0
3805	0
3806	0
3807	0
3808	0
3809	0
3810	0
3811	0
3812	0
3813	0
3814	0
3815	0
3816	0
3817	0
3818	0
3819	0
3820	0
3821	0
3822	0
3823	0
3824	0
3825	0
3826	0
3827	0
3828	0
3829	0
3830	0
3831	0
3832	0
3833	0
3834	0
3835	1
3836	0
3837	0
3838	0
3839	0
3840	1
3841	1
3842	0
3843	0
3844	0
3845	0
3846	0
3847	0
3848	0
3849	0
3850	0
3851	0
3852	0
3853	0
3854	0
3855	0
3856	0
3857	0
3858	0
3859	0
3860	0
3861	0
3862	0
3863	0
3864	0
3865	0
3866	0
3867	0
3868	0
3869	0
3870	0
3871	0
3872	0
3873	0
3874	0
3875	0
3876	0
3877	0
3878	0
3879	0
3880	0
3881	0
3882	0
3883	0
3884	0
3885	0
3886	0
3887	0
3888	0
3889	0
3890	0
3891	0
3892	0
3893	0
3894	0
3895	0
3896	0
3897	0
3898	0
3899	0
3900	0
3901	0
3902	0
3903	0
3904	0
3905	0
3906	0
3907	0
3908	0
3909	0
3910	0
3911	0
3912	0
3913	0
3914	0
3915	0
3916	0
3917	0
3918	0
3919	0
3920	0
3921	0
3922	0
3923	0
3924	0
3925	0
3926	0
3927	0
3928	0
3929	0
3930	0
3931	0
3932	0
3933	0
3934	0
3935	0
3936	0
3937	0
3938	0
3939	0
3940	0
3941	0
3942	0
3943	0
3944	0
3945	0
3946	0
3947	0
3948	0
3949	0
3950	0
3951	0
3952	0
3953	0
3954	0
3955	0
3956	0
3957	0
3958	0
3959	0
3960	0
3961	0
3962	0
3963	0
3964	0
3965	0
3966	0
3967	0
3968	0
3969	0
3970	0
3971	0
3972	0
3973	0
3974	0
3975	0
3976	0
3977	0
3978	0
3979	0
3980	0
3981	0
3982	0
3983	0
3984	0
3985	0
3986	0
3987	0
3988	0
3989	0
3990	0
3991	0
3992	0
3993	0
3994	0
3995	0
3996	0
3997	0
3998	0
3999	0
4000	0
