Channel number	Impulses
Channel/#	Impulses/#

0	0
1	0
2	0
3	0
4	0
5	0
6	0
7	0
8	0
9	0
10	0
11	0
12	0
13	0
14	0
15	0
16	0
17	0
18	0
19	0
20	0
21	0
22	0
23	0
24	0
25	0
26	0
27	0
28	0
29	0
30	0
31	0
32	0
33	0
34	0
35	0
36	0
37	0
38	0
39	0
40	0
41	0
42	0
43	0
44	0
45	0
46	0
47	0
48	0
49	0
50	0
51	0
52	0
53	0
54	1
55	0
56	2
57	2
58	4
59	4
60	2
61	3
62	2
63	8
64	3
65	3
66	4
67	5
68	7
69	3
70	3
71	4
72	4
73	4
74	1
75	6
76	3
77	3
78	5
79	4
80	1
81	4
82	4
83	2
84	2
85	6
86	5
87	1
88	3
89	2
90	6
91	2
92	3
93	1
94	3
95	3
96	1
97	1
98	2
99	2
100	3
101	1
102	3
103	2
104	4
105	2
106	3
107	2
108	4
109	4
110	3
111	3
112	3
113	5
114	0
115	2
116	1
117	3
118	0
119	4
120	4
121	7
122	2
123	4
124	6
125	3
126	2
127	8
128	4
129	4
130	3
131	4
132	3
133	3
134	1
135	5
136	2
137	4
138	3
139	2
140	5
141	0
142	4
143	4
144	8
145	3
146	1
147	2
148	5
149	3
150	5
151	1
152	3
153	4
154	2
155	4
156	0
157	6
158	5
159	7
160	1
161	4
162	6
163	3
164	4
165	3
166	3
167	3
168	2
169	4
170	2
171	5
172	3
173	1
174	6
175	4
176	3
177	5
178	1
179	4
180	0
181	1
182	3
183	2
184	1
185	3
186	2
187	0
188	5
189	0
190	1
191	2
192	3
193	3
194	9
195	3
196	2
197	1
198	4
199	2
200	4
201	1
202	1
203	1
204	6
205	2
206	0
207	1
208	1
209	1
210	5
211	2
212	4
213	4
214	3
215	1
216	2
217	3
218	2
219	3
220	1
221	3
222	1
223	4
224	0
225	6
226	2
227	1
228	2
229	3
230	3
231	2
232	3
233	2
234	3
235	2
236	1
237	3
238	2
239	1
240	5
241	4
242	3
243	4
244	2
245	2
246	7
247	1
248	1
249	2
250	2
251	3
252	0
253	3
254	4
255	4
256	0
257	5
258	0
259	5
260	2
261	2
262	1
263	0
264	2
265	2
266	1
267	1
268	2
269	4
270	0
271	3
272	1
273	1
274	2
275	0
276	2
277	1
278	1
279	1
280	2
281	2
282	1
283	4
284	2
285	1
286	1
287	1
288	1
289	0
290	3
291	1
292	1
293	2
294	5
295	1
296	1
297	1
298	4
299	1
300	1
301	3
302	1
303	0
304	1
305	0
306	1
307	2
308	3
309	1
310	3
311	2
312	3
313	3
314	4
315	4
316	5
317	2
318	0
319	3
320	3
321	1
322	3
323	5
324	2
325	0
326	2
327	0
328	1
329	3
330	3
331	1
332	3
333	4
334	1
335	1
336	1
337	4
338	2
339	3
340	1
341	0
342	1
343	0
344	2
345	2
346	1
347	1
348	1
349	2
350	4
351	1
352	4
353	1
354	3
355	1
356	0
357	1
358	1
359	0
360	2
361	0
362	2
363	2
364	4
365	1
366	2
367	1
368	0
369	0
370	0
371	2
372	4
373	3
374	1
375	1
376	4
377	0
378	2
379	0
380	0
381	5
382	0
383	1
384	3
385	3
386	0
387	0
388	1
389	1
390	5
391	5
392	1
393	1
394	0
395	0
396	0
397	0
398	2
399	3
400	1
401	2
402	0
403	1
404	2
405	2
406	1
407	1
408	1
409	1
410	0
411	1
412	3
413	0
414	5
415	5
416	1
417	3
418	2
419	2
420	4
421	0
422	1
423	0
424	1
425	2
426	5
427	0
428	0
429	2
430	1
431	2
432	2
433	1
434	1
435	1
436	2
437	0
438	2
439	2
440	2
441	3
442	1
443	2
444	1
445	4
446	2
447	2
448	2
449	1
450	3
451	0
452	2
453	1
454	2
455	2
456	2
457	1
458	1
459	0
460	3
461	0
462	3
463	0
464	2
465	4
466	0
467	1
468	2
469	0
470	1
471	1
472	4
473	2
474	1
475	1
476	1
477	1
478	4
479	1
480	2
481	1
482	1
483	1
484	1
485	0
486	2
487	1
488	5
489	2
490	1
491	2
492	1
493	0
494	1
495	1
496	0
497	1
498	0
499	0
500	2
501	2
502	0
503	4
504	0
505	3
506	2
507	1
508	5
509	1
510	2
511	1
512	0
513	3
514	2
515	2
516	0
517	3
518	6
519	1
520	0
521	2
522	0
523	0
524	1
525	2
526	2
527	1
528	0
529	2
530	1
531	2
532	4
533	2
534	1
535	0
536	0
537	1
538	0
539	1
540	1
541	1
542	1
543	3
544	1
545	3
546	0
547	0
548	3
549	0
550	2
551	2
552	2
553	2
554	0
555	1
556	1
557	0
558	2
559	3
560	0
561	3
562	2
563	1
564	3
565	2
566	2
567	1
568	1
569	3
570	1
571	1
572	1
573	0
574	3
575	5
576	1
577	0
578	1
579	2
580	2
581	2
582	2
583	1
584	2
585	0
586	0
587	2
588	1
589	1
590	0
591	2
592	0
593	1
594	3
595	0
596	2
597	1
598	3
599	0
600	1
601	2
602	0
603	1
604	1
605	2
606	2
607	1
608	1
609	1
610	2
611	2
612	3
613	2
614	1
615	0
616	3
617	0
618	0
619	0
620	1
621	1
622	1
623	0
624	1
625	2
626	0
627	2
628	1
629	2
630	1
631	0
632	0
633	1
634	4
635	0
636	2
637	0
638	0
639	1
640	1
641	1
642	2
643	0
644	0
645	1
646	1
647	0
648	1
649	3
650	2
651	1
652	1
653	0
654	1
655	0
656	1
657	0
658	2
659	0
660	1
661	0
662	2
663	0
664	2
665	1
666	2
667	2
668	1
669	0
670	3
671	2
672	0
673	3
674	0
675	1
676	2
677	3
678	2
679	2
680	2
681	4
682	1
683	3
684	2
685	2
686	3
687	2
688	3
689	2
690	1
691	0
692	4
693	1
694	2
695	1
696	2
697	2
698	3
699	1
700	2
701	2
702	2
703	3
704	0
705	1
706	0
707	1
708	1
709	0
710	1
711	0
712	1
713	1
714	0
715	4
716	2
717	2
718	0
719	1
720	2
721	1
722	1
723	2
724	2
725	3
726	0
727	0
728	3
729	1
730	0
731	4
732	3
733	1
734	0
735	0
736	0
737	2
738	4
739	2
740	6
741	2
742	2
743	1
744	1
745	1
746	2
747	0
748	3
749	0
750	2
751	1
752	2
753	1
754	1
755	3
756	5
757	2
758	5
759	1
760	0
761	0
762	4
763	3
764	3
765	1
766	0
767	1
768	0
769	3
770	1
771	1
772	4
773	0
774	0
775	5
776	2
777	0
778	0
779	2
780	2
781	0
782	2
783	3
784	1
785	1
786	0
787	2
788	1
789	3
790	2
791	2
792	2
793	1
794	4
795	2
796	1
797	1
798	1
799	3
800	1
801	2
802	3
803	0
804	1
805	2
806	1
807	4
808	2
809	5
810	2
811	2
812	2
813	1
814	1
815	4
816	4
817	3
818	0
819	4
820	5
821	0
822	2
823	3
824	0
825	1
826	2
827	4
828	2
829	1
830	2
831	5
832	3
833	0
834	4
835	4
836	4
837	3
838	5
839	0
840	3
841	2
842	1
843	2
844	2
845	2
846	2
847	1
848	2
849	2
850	0
851	1
852	4
853	1
854	0
855	0
856	0
857	3
858	4
859	4
860	4
861	4
862	3
863	1
864	4
865	5
866	2
867	1
868	3
869	1
870	6
871	3
872	2
873	5
874	1
875	1
876	1
877	2
878	2
879	5
880	2
881	4
882	3
883	2
884	4
885	4
886	3
887	1
888	0
889	4
890	2
891	2
892	1
893	1
894	0
895	3
896	4
897	1
898	2
899	0
900	0
901	5
902	6
903	2
904	6
905	2
906	2
907	4
908	2
909	2
910	4
911	2
912	4
913	3
914	0
915	3
916	2
917	0
918	2
919	3
920	3
921	2
922	0
923	2
924	2
925	0
926	1
927	1
928	1
929	3
930	2
931	0
932	6
933	3
934	3
935	1
936	3
937	4
938	2
939	1
940	6
941	0
942	3
943	0
944	3
945	3
946	8
947	4
948	3
949	3
950	2
951	3
952	2
953	4
954	1
955	5
956	2
957	2
958	6
959	3
960	2
961	2
962	4
963	1
964	3
965	1
966	2
967	1
968	4
969	2
970	1
971	2
972	2
973	4
974	2
975	2
976	3
977	3
978	3
979	3
980	1
981	1
982	1
983	1
984	4
985	2
986	1
987	1
988	3
989	4
990	0
991	4
992	3
993	2
994	1
995	3
996	6
997	1
998	3
999	3
1000	2
1001	2
1002	2
1003	2
1004	3
1005	0
1006	3
1007	1
1008	2
1009	5
1010	1
1011	4
1012	1
1013	4
1014	3
1015	3
1016	3
1017	3
1018	2
1019	2
1020	7
1021	4
1022	5
1023	12
1024	1
1025	3
1026	0
1027	1
1028	5
1029	2
1030	4
1031	4
1032	2
1033	4
1034	2
1035	4
1036	3
1037	5
1038	5
1039	8
1040	4
1041	2
1042	4
1043	2
1044	2
1045	3
1046	3
1047	3
1048	2
1049	3
1050	8
1051	4
1052	0
1053	5
1054	3
1055	3
1056	2
1057	0
1058	0
1059	1
1060	4
1061	5
1062	2
1063	4
1064	1
1065	4
1066	2
1067	4
1068	4
1069	1
1070	7
1071	4
1072	1
1073	1
1074	1
1075	4
1076	2
1077	3
1078	3
1079	4
1080	2
1081	2
1082	1
1083	2
1084	4
1085	2
1086	2
1087	5
1088	1
1089	3
1090	1
1091	2
1092	6
1093	5
1094	2
1095	3
1096	3
1097	1
1098	3
1099	3
1100	1
1101	1
1102	5
1103	5
1104	1
1105	3
1106	2
1107	3
1108	2
1109	1
1110	5
1111	3
1112	3
1113	2
1114	4
1115	5
1116	2
1117	2
1118	0
1119	4
1120	1
1121	5
1122	5
1123	3
1124	3
1125	1
1126	2
1127	3
1128	1
1129	2
1130	2
1131	4
1132	2
1133	2
1134	3
1135	4
1136	0
1137	2
1138	4
1139	2
1140	4
1141	3
1142	2
1143	4
1144	3
1145	5
1146	2
1147	3
1148	3
1149	3
1150	5
1151	7
1152	2
1153	6
1154	2
1155	3
1156	3
1157	2
1158	5
1159	3
1160	3
1161	6
1162	6
1163	3
1164	6
1165	2
1166	4
1167	6
1168	1
1169	3
1170	4
1171	7
1172	5
1173	1
1174	3
1175	7
1176	7
1177	4
1178	2
1179	6
1180	4
1181	6
1182	4
1183	11
1184	1
1185	2
1186	1
1187	2
1188	2
1189	1
1190	3
1191	9
1192	6
1193	5
1194	3
1195	1
1196	3
1197	1
1198	5
1199	6
1200	5
1201	5
1202	3
1203	4
1204	7
1205	3
1206	4
1207	2
1208	4
1209	7
1210	4
1211	6
1212	5
1213	3
1214	5
1215	5
1216	3
1217	2
1218	2
1219	5
1220	10
1221	3
1222	11
1223	2
1224	9
1225	7
1226	3
1227	2
1228	5
1229	4
1230	5
1231	6
1232	1
1233	4
1234	5
1235	4
1236	4
1237	3
1238	7
1239	2
1240	7
1241	4
1242	4
1243	6
1244	6
1245	5
1246	3
1247	5
1248	9
1249	3
1250	3
1251	2
1252	6
1253	3
1254	6
1255	4
1256	3
1257	6
1258	4
1259	2
1260	5
1261	3
1262	6
1263	3
1264	5
1265	4
1266	2
1267	3
1268	4
1269	4
1270	3
1271	3
1272	6
1273	5
1274	9
1275	3
1276	4
1277	5
1278	5
1279	6
1280	1
1281	4
1282	6
1283	7
1284	5
1285	2
1286	6
1287	1
1288	2
1289	5
1290	3
1291	3
1292	6
1293	8
1294	3
1295	4
1296	4
1297	6
1298	6
1299	7
1300	3
1301	6
1302	4
1303	6
1304	7
1305	10
1306	2
1307	3
1308	6
1309	7
1310	5
1311	2
1312	2
1313	6
1314	6
1315	6
1316	7
1317	2
1318	4
1319	7
1320	1
1321	8
1322	3
1323	4
1324	6
1325	2
1326	8
1327	7
1328	4
1329	6
1330	3
1331	7
1332	5
1333	4
1334	5
1335	4
1336	6
1337	6
1338	4
1339	4
1340	6
1341	8
1342	4
1343	7
1344	3
1345	6
1346	2
1347	10
1348	7
1349	5
1350	14
1351	3
1352	6
1353	8
1354	5
1355	6
1356	6
1357	8
1358	6
1359	8
1360	9
1361	9
1362	5
1363	8
1364	3
1365	8
1366	4
1367	4
1368	7
1369	9
1370	3
1371	7
1372	9
1373	2
1374	11
1375	10
1376	2
1377	5
1378	6
1379	7
1380	9
1381	6
1382	7
1383	10
1384	7
1385	7
1386	9
1387	8
1388	7
1389	6
1390	4
1391	7
1392	6
1393	2
1394	8
1395	5
1396	3
1397	4
1398	7
1399	7
1400	2
1401	6
1402	5
1403	8
1404	6
1405	9
1406	5
1407	11
1408	6
1409	2
1410	11
1411	8
1412	10
1413	4
1414	4
1415	2
1416	5
1417	11
1418	4
1419	7
1420	9
1421	3
1422	8
1423	10
1424	9
1425	7
1426	7
1427	9
1428	11
1429	6
1430	12
1431	8
1432	4
1433	5
1434	6
1435	9
1436	7
1437	4
1438	8
1439	5
1440	8
1441	4
1442	8
1443	9
1444	8
1445	5
1446	12
1447	3
1448	14
1449	7
1450	4
1451	7
1452	5
1453	6
1454	6
1455	2
1456	6
1457	4
1458	6
1459	6
1460	5
1461	7
1462	3
1463	3
1464	11
1465	10
1466	9
1467	9
1468	7
1469	5
1470	10
1471	8
1472	6
1473	10
1474	5
1475	4
1476	11
1477	9
1478	10
1479	6
1480	10
1481	8
1482	7
1483	7
1484	8
1485	7
1486	9
1487	6
1488	7
1489	7
1490	3
1491	5
1492	9
1493	4
1494	12
1495	4
1496	8
1497	8
1498	8
1499	8
1500	4
1501	6
1502	4
1503	5
1504	7
1505	4
1506	9
1507	9
1508	5
1509	2
1510	14
1511	8
1512	3
1513	4
1514	10
1515	4
1516	12
1517	5
1518	10
1519	3
1520	6
1521	8
1522	6
1523	6
1524	12
1525	8
1526	10
1527	7
1528	5
1529	4
1530	8
1531	7
1532	17
1533	5
1534	10
1535	6
1536	3
1537	12
1538	9
1539	8
1540	11
1541	3
1542	10
1543	11
1544	7
1545	3
1546	10
1547	8
1548	6
1549	5
1550	7
1551	5
1552	7
1553	6
1554	5
1555	7
1556	3
1557	4
1558	12
1559	2
1560	5
1561	10
1562	5
1563	11
1564	6
1565	4
1566	7
1567	10
1568	9
1569	4
1570	10
1571	11
1572	7
1573	2
1574	10
1575	7
1576	12
1577	9
1578	3
1579	7
1580	8
1581	8
1582	10
1583	7
1584	7
1585	9
1586	9
1587	12
1588	4
1589	10
1590	9
1591	3
1592	3
1593	16
1594	11
1595	10
1596	6
1597	11
1598	5
1599	4
1600	5
1601	3
1602	12
1603	5
1604	5
1605	10
1606	8
1607	5
1608	5
1609	4
1610	5
1611	8
1612	8
1613	10
1614	4
1615	2
1616	5
1617	7
1618	5
1619	9
1620	13
1621	6
1622	7
1623	7
1624	5
1625	10
1626	4
1627	12
1628	8
1629	6
1630	5
1631	7
1632	11
1633	4
1634	7
1635	4
1636	9
1637	4
1638	9
1639	10
1640	6
1641	6
1642	9
1643	9
1644	7
1645	8
1646	7
1647	15
1648	3
1649	7
1650	16
1651	7
1652	8
1653	5
1654	17
1655	2
1656	11
1657	10
1658	4
1659	6
1660	11
1661	4
1662	6
1663	7
1664	9
1665	5
1666	7
1667	6
1668	6
1669	3
1670	11
1671	2
1672	9
1673	10
1674	11
1675	7
1676	18
1677	9
1678	14
1679	9
1680	11
1681	3
1682	11
1683	10
1684	10
1685	5
1686	9
1687	4
1688	11
1689	9
1690	5
1691	12
1692	5
1693	5
1694	7
1695	7
1696	4
1697	5
1698	6
1699	4
1700	8
1701	5
1702	15
1703	9
1704	7
1705	6
1706	5
1707	4
1708	16
1709	9
1710	9
1711	3
1712	7
1713	4
1714	3
1715	8
1716	11
1717	12
1718	9
1719	10
1720	8
1721	11
1722	9
1723	6
1724	13
1725	7
1726	13
1727	7
1728	7
1729	15
1730	5
1731	5
1732	17
1733	7
1734	8
1735	6
1736	8
1737	15
1738	7
1739	8
1740	10
1741	9
1742	10
1743	14
1744	7
1745	10
1746	8
1747	13
1748	6
1749	3
1750	13
1751	6
1752	4
1753	17
1754	5
1755	9
1756	11
1757	9
1758	12
1759	7
1760	4
1761	5
1762	14
1763	6
1764	12
1765	13
1766	10
1767	9
1768	7
1769	8
1770	13
1771	5
1772	14
1773	11
1774	18
1775	12
1776	11
1777	11
1778	11
1779	7
1780	11
1781	7
1782	9
1783	9
1784	7
1785	11
1786	6
1787	8
1788	8
1789	12
1790	8
1791	11
1792	4
1793	4
1794	12
1795	8
1796	17
1797	13
1798	14
1799	9
1800	6
1801	16
1802	8
1803	7
1804	15
1805	7
1806	14
1807	9
1808	9
1809	13
1810	10
1811	13
1812	11
1813	5
1814	15
1815	6
1816	11
1817	12
1818	5
1819	8
1820	9
1821	11
1822	13
1823	10
1824	15
1825	11
1826	8
1827	9
1828	10
1829	4
1830	12
1831	16
1832	14
1833	4
1834	10
1835	5
1836	12
1837	9
1838	8
1839	5
1840	9
1841	10
1842	10
1843	10
1844	6
1845	6
1846	8
1847	8
1848	9
1849	20
1850	5
1851	11
1852	7
1853	14
1854	10
1855	9
1856	12
1857	5
1858	9
1859	10
1860	15
1861	10
1862	10
1863	9
1864	10
1865	15
1866	9
1867	14
1868	8
1869	10
1870	10
1871	10
1872	6
1873	14
1874	12
1875	9
1876	15
1877	9
1878	13
1879	11
1880	18
1881	19
1882	11
1883	13
1884	21
1885	10
1886	19
1887	9
1888	21
1889	16
1890	14
1891	11
1892	19
1893	13
1894	21
1895	16
1896	14
1897	29
1898	16
1899	15
1900	24
1901	14
1902	14
1903	25
1904	23
1905	23
1906	30
1907	23
1908	21
1909	23
1910	28
1911	19
1912	25
1913	30
1914	18
1915	34
1916	24
1917	32
1918	23
1919	38
1920	23
1921	30
1922	44
1923	35
1924	25
1925	24
1926	37
1927	32
1928	47
1929	63
1930	31
1931	49
1932	55
1933	50
1934	54
1935	34
1936	49
1937	47
1938	57
1939	54
1940	46
1941	35
1942	67
1943	47
1944	58
1945	72
1946	47
1947	75
1948	58
1949	44
1950	57
1951	48
1952	56
1953	48
1954	62
1955	52
1956	70
1957	54
1958	66
1959	46
1960	46
1961	65
1962	45
1963	54
1964	61
1965	51
1966	56
1967	40
1968	70
1969	59
1970	52
1971	52
1972	62
1973	40
1974	63
1975	33
1976	38
1977	65
1978	55
1979	47
1980	50
1981	44
1982	47
1983	37
1984	56
1985	46
1986	32
1987	39
1988	54
1989	40
1990	45
1991	20
1992	43
1993	44
1994	25
1995	16
1996	43
1997	33
1998	26
1999	24
2000	31
2001	30
2002	39
2003	21
2004	28
2005	19
2006	37
2007	9
2008	20
2009	21
2010	15
2011	24
2012	14
2013	14
2014	20
2015	21
2016	17
2017	19
2018	14
2019	10
2020	14
2021	10
2022	14
2023	8
2024	9
2025	14
2026	9
2027	8
2028	14
2029	11
2030	11
2031	6
2032	9
2033	11
2034	9
2035	13
2036	9
2037	7
2038	12
2039	7
2040	5
2041	5
2042	10
2043	10
2044	10
2045	4
2046	2
2047	8
2048	4
2049	8
2050	12
2051	9
2052	14
2053	7
2054	8
2055	10
2056	4
2057	15
2058	4
2059	11
2060	15
2061	7
2062	6
2063	9
2064	7
2065	7
2066	6
2067	7
2068	6
2069	6
2070	12
2071	8
2072	7
2073	12
2074	8
2075	3
2076	10
2077	11
2078	7
2079	7
2080	4
2081	4
2082	9
2083	5
2084	15
2085	5
2086	7
2087	9
2088	8
2089	7
2090	2
2091	4
2092	6
2093	8
2094	6
2095	7
2096	12
2097	7
2098	3
2099	7
2100	10
2101	9
2102	15
2103	12
2104	2
2105	11
2106	3
2107	11
2108	8
2109	8
2110	9
2111	10
2112	6
2113	9
2114	10
2115	7
2116	11
2117	9
2118	12
2119	7
2120	7
2121	11
2122	3
2123	5
2124	12
2125	8
2126	7
2127	9
2128	7
2129	10
2130	3
2131	8
2132	9
2133	9
2134	6
2135	7
2136	9
2137	4
2138	2
2139	10
2140	8
2141	8
2142	4
2143	11
2144	12
2145	8
2146	11
2147	5
2148	6
2149	8
2150	5
2151	10
2152	5
2153	14
2154	9
2155	6
2156	11
2157	7
2158	12
2159	13
2160	4
2161	8
2162	7
2163	15
2164	3
2165	12
2166	13
2167	16
2168	8
2169	9
2170	15
2171	10
2172	15
2173	11
2174	13
2175	9
2176	11
2177	7
2178	10
2179	12
2180	15
2181	14
2182	15
2183	12
2184	11
2185	17
2186	10
2187	22
2188	20
2189	13
2190	17
2191	7
2192	13
2193	13
2194	16
2195	20
2196	12
2197	8
2198	23
2199	10
2200	14
2201	15
2202	18
2203	20
2204	17
2205	9
2206	14
2207	29
2208	14
2209	14
2210	11
2211	17
2212	17
2213	12
2214	20
2215	19
2216	16
2217	27
2218	19
2219	14
2220	21
2221	20
2222	25
2223	10
2224	10
2225	10
2226	14
2227	19
2228	7
2229	13
2230	19
2231	13
2232	15
2233	16
2234	13
2235	17
2236	23
2237	18
2238	17
2239	15
2240	13
2241	15
2242	14
2243	22
2244	16
2245	14
2246	16
2247	10
2248	8
2249	15
2250	5
2251	18
2252	9
2253	14
2254	15
2255	12
2256	13
2257	12
2258	14
2259	9
2260	10
2261	9
2262	10
2263	2
2264	7
2265	13
2266	9
2267	10
2268	9
2269	14
2270	9
2271	10
2272	9
2273	14
2274	9
2275	11
2276	10
2277	5
2278	15
2279	7
2280	7
2281	6
2282	11
2283	7
2284	7
2285	12
2286	10
2287	8
2288	7
2289	9
2290	6
2291	10
2292	5
2293	12
2294	7
2295	4
2296	2
2297	7
2298	4
2299	8
2300	11
2301	6
2302	7
2303	7
2304	11
2305	7
2306	6
2307	6
2308	9
2309	7
2310	3
2311	3
2312	7
2313	6
2314	5
2315	5
2316	6
2317	5
2318	4
2319	5
2320	5
2321	10
2322	5
2323	7
2324	4
2325	2
2326	7
2327	3
2328	6
2329	6
2330	4
2331	3
2332	5
2333	4
2334	4
2335	6
2336	4
2337	5
2338	6
2339	6
2340	5
2341	6
2342	9
2343	8
2344	6
2345	5
2346	6
2347	4
2348	4
2349	10
2350	6
2351	7
2352	7
2353	7
2354	5
2355	5
2356	5
2357	2
2358	5
2359	10
2360	8
2361	7
2362	4
2363	6
2364	10
2365	7
2366	5
2367	4
2368	2
2369	9
2370	8
2371	3
2372	5
2373	6
2374	7
2375	6
2376	8
2377	15
2378	5
2379	4
2380	5
2381	4
2382	5
2383	9
2384	7
2385	5
2386	5
2387	13
2388	5
2389	5
2390	5
2391	4
2392	2
2393	8
2394	6
2395	5
2396	9
2397	5
2398	3
2399	4
2400	6
2401	6
2402	9
2403	5
2404	8
2405	2
2406	11
2407	6
2408	6
2409	7
2410	5
2411	3
2412	9
2413	2
2414	3
2415	5
2416	6
2417	10
2418	8
2419	9
2420	7
2421	5
2422	7
2423	5
2424	5
2425	4
2426	6
2427	6
2428	7
2429	7
2430	2
2431	4
2432	7
2433	5
2434	8
2435	6
2436	8
2437	4
2438	7
2439	1
2440	7
2441	5
2442	4
2443	3
2444	6
2445	4
2446	3
2447	5
2448	3
2449	5
2450	7
2451	6
2452	5
2453	5
2454	7
2455	1
2456	5
2457	3
2458	6
2459	6
2460	5
2461	6
2462	4
2463	5
2464	6
2465	5
2466	1
2467	2
2468	5
2469	1
2470	9
2471	5
2472	5
2473	7
2474	5
2475	6
2476	7
2477	6
2478	8
2479	1
2480	7
2481	5
2482	5
2483	5
2484	4
2485	5
2486	2
2487	8
2488	10
2489	7
2490	5
2491	6
2492	3
2493	5
2494	7
2495	10
2496	7
2497	5
2498	4
2499	10
2500	9
2501	3
2502	7
2503	3
2504	7
2505	2
2506	9
2507	6
2508	5
2509	5
2510	8
2511	5
2512	7
2513	9
2514	10
2515	8
2516	8
2517	7
2518	5
2519	9
2520	10
2521	12
2522	3
2523	5
2524	11
2525	4
2526	9
2527	7
2528	9
2529	13
2530	10
2531	9
2532	6
2533	12
2534	11
2535	11
2536	4
2537	13
2538	10
2539	16
2540	14
2541	13
2542	7
2543	7
2544	9
2545	12
2546	13
2547	11
2548	11
2549	8
2550	9
2551	10
2552	9
2553	7
2554	8
2555	12
2556	10
2557	12
2558	9
2559	8
2560	9
2561	9
2562	12
2563	10
2564	17
2565	9
2566	10
2567	2
2568	7
2569	11
2570	7
2571	6
2572	8
2573	6
2574	8
2575	10
2576	7
2577	13
2578	10
2579	12
2580	8
2581	6
2582	10
2583	5
2584	4
2585	11
2586	3
2587	7
2588	5
2589	5
2590	5
2591	9
2592	4
2593	4
2594	10
2595	4
2596	11
2597	5
2598	6
2599	7
2600	3
2601	7
2602	4
2603	4
2604	4
2605	7
2606	3
2607	1
2608	1
2609	3
2610	5
2611	4
2612	5
2613	4
2614	3
2615	6
2616	6
2617	5
2618	2
2619	6
2620	4
2621	12
2622	3
2623	3
2624	6
2625	3
2626	3
2627	5
2628	6
2629	4
2630	5
2631	7
2632	6
2633	8
2634	6
2635	2
2636	6
2637	9
2638	1
2639	6
2640	2
2641	5
2642	7
2643	10
2644	6
2645	2
2646	1
2647	2
2648	4
2649	2
2650	8
2651	4
2652	8
2653	6
2654	2
2655	7
2656	2
2657	4
2658	5
2659	7
2660	7
2661	7
2662	2
2663	7
2664	4
2665	12
2666	3
2667	4
2668	5
2669	7
2670	5
2671	6
2672	6
2673	3
2674	5
2675	3
2676	5
2677	5
2678	9
2679	11
2680	7
2681	2
2682	4
2683	10
2684	0
2685	6
2686	4
2687	11
2688	8
2689	6
2690	4
2691	2
2692	5
2693	5
2694	7
2695	6
2696	5
2697	4
2698	5
2699	4
2700	5
2701	9
2702	3
2703	7
2704	2
2705	4
2706	1
2707	9
2708	5
2709	4
2710	5
2711	4
2712	5
2713	8
2714	2
2715	2
2716	4
2717	3
2718	2
2719	5
2720	2
2721	7
2722	5
2723	6
2724	9
2725	4
2726	2
2727	3
2728	3
2729	6
2730	6
2731	3
2732	8
2733	5
2734	4
2735	3
2736	4
2737	4
2738	4
2739	3
2740	3
2741	2
2742	6
2743	5
2744	2
2745	6
2746	3
2747	4
2748	2
2749	5
2750	8
2751	6
2752	5
2753	4
2754	5
2755	6
2756	6
2757	6
2758	6
2759	3
2760	4
2761	5
2762	3
2763	3
2764	5
2765	2
2766	6
2767	5
2768	1
2769	5
2770	8
2771	5
2772	4
2773	3
2774	3
2775	2
2776	4
2777	6
2778	5
2779	4
2780	2
2781	5
2782	3
2783	3
2784	8
2785	4
2786	2
2787	4
2788	5
2789	6
2790	5
2791	7
2792	4
2793	8
2794	2
2795	6
2796	6
2797	4
2798	4
2799	2
2800	3
2801	5
2802	2
2803	11
2804	3
2805	6
2806	9
2807	6
2808	7
2809	5
2810	4
2811	3
2812	7
2813	4
2814	1
2815	1
2816	8
2817	8
2818	4
2819	4
2820	5
2821	1
2822	7
2823	4
2824	3
2825	12
2826	1
2827	7
2828	3
2829	3
2830	3
2831	5
2832	5
2833	4
2834	2
2835	3
2836	8
2837	2
2838	9
2839	3
2840	8
2841	6
2842	3
2843	7
2844	6
2845	10
2846	7
2847	4
2848	9
2849	4
2850	3
2851	3
2852	4
2853	4
2854	2
2855	1
2856	2
2857	5
2858	2
2859	7
2860	7
2861	7
2862	6
2863	3
2864	5
2865	6
2866	3
2867	5
2868	9
2869	2
2870	6
2871	1
2872	3
2873	8
2874	1
2875	5
2876	5
2877	5
2878	0
2879	7
2880	5
2881	4
2882	7
2883	5
2884	9
2885	4
2886	5
2887	4
2888	6
2889	4
2890	3
2891	7
2892	8
2893	7
2894	4
2895	8
2896	3
2897	5
2898	1
2899	5
2900	6
2901	1
2902	10
2903	3
2904	4
2905	8
2906	2
2907	10
2908	7
2909	6
2910	3
2911	5
2912	10
2913	4
2914	9
2915	3
2916	6
2917	3
2918	6
2919	3
2920	6
2921	9
2922	3
2923	4
2924	7
2925	6
2926	3
2927	3
2928	3
2929	2
2930	6
2931	5
2932	5
2933	4
2934	4
2935	5
2936	3
2937	7
2938	5
2939	6
2940	5
2941	6
2942	2
2943	3
2944	8
2945	3
2946	2
2947	8
2948	6
2949	1
2950	7
2951	2
2952	4
2953	8
2954	3
2955	4
2956	4
2957	7
2958	3
2959	4
2960	4
2961	6
2962	3
2963	6
2964	6
2965	3
2966	6
2967	5
2968	4
2969	4
2970	6
2971	8
2972	7
2973	0
2974	9
2975	3
2976	5
2977	7
2978	3
2979	6
2980	3
2981	5
2982	2
2983	1
2984	4
2985	7
2986	2
2987	2
2988	3
2989	4
2990	2
2991	2
2992	4
2993	2
2994	4
2995	7
2996	8
2997	2
2998	1
2999	4
3000	6
3001	1
3002	4
3003	7
3004	3
3005	3
3006	5
3007	2
3008	3
3009	3
3010	4
3011	2
3012	4
3013	0
3014	3
3015	2
3016	6
3017	4
3018	4
3019	4
3020	2
3021	4
3022	5
3023	1
3024	7
3025	3
3026	4
3027	4
3028	2
3029	3
3030	6
3031	2
3032	5
3033	3
3034	8
3035	8
3036	5
3037	5
3038	4
3039	2
3040	1
3041	3
3042	2
3043	4
3044	3
3045	3
3046	5
3047	2
3048	2
3049	4
3050	2
3051	5
3052	2
3053	7
3054	3
3055	2
3056	2
3057	2
3058	3
3059	4
3060	3
3061	6
3062	5
3063	4
3064	4
3065	6
3066	1
3067	8
3068	11
3069	4
3070	1
3071	5
3072	5
3073	5
3074	4
3075	4
3076	5
3077	3
3078	3
3079	4
3080	0
3081	4
3082	3
3083	4
3084	3
3085	3
3086	4
3087	1
3088	3
3089	12
3090	1
3091	6
3092	4
3093	4
3094	4
3095	1
3096	2
3097	3
3098	2
3099	1
3100	2
3101	3
3102	5
3103	2
3104	3
3105	3
3106	3
3107	2
3108	5
3109	8
3110	2
3111	2
3112	3
3113	6
3114	2
3115	5
3116	1
3117	6
3118	6
3119	2
3120	4
3121	4
3122	3
3123	10
3124	3
3125	3
3126	8
3127	5
3128	3
3129	8
3130	6
3131	1
3132	4
3133	2
3134	1
3135	5
3136	1
3137	5
3138	4
3139	4
3140	7
3141	4
3142	3
3143	5
3144	3
3145	4
3146	4
3147	6
3148	4
3149	3
3150	5
3151	2
3152	1
3153	0
3154	6
3155	3
3156	3
3157	6
3158	4
3159	3
3160	3
3161	2
3162	3
3163	3
3164	1
3165	3
3166	2
3167	1
3168	2
3169	6
3170	5
3171	2
3172	7
3173	5
3174	5
3175	4
3176	1
3177	4
3178	2
3179	5
3180	4
3181	5
3182	2
3183	2
3184	1
3185	1
3186	2
3187	5
3188	5
3189	3
3190	2
3191	3
3192	2
3193	5
3194	3
3195	1
3196	4
3197	3
3198	4
3199	0
3200	3
3201	2
3202	3
3203	4
3204	3
3205	2
3206	5
3207	3
3208	3
3209	5
3210	2
3211	1
3212	8
3213	6
3214	3
3215	1
3216	2
3217	1
3218	1
3219	6
3220	2
3221	0
3222	2
3223	6
3224	2
3225	1
3226	0
3227	2
3228	0
3229	3
3230	0
3231	6
3232	3
3233	1
3234	3
3235	3
3236	8
3237	2
3238	4
3239	0
3240	4
3241	6
3242	3
3243	2
3244	3
3245	2
3246	4
3247	2
3248	1
3249	2
3250	4
3251	4
3252	4
3253	1
3254	4
3255	6
3256	3
3257	5
3258	1
3259	4
3260	2
3261	6
3262	1
3263	0
3264	4
3265	5
3266	1
3267	7
3268	2
3269	2
3270	5
3271	3
3272	3
3273	7
3274	0
3275	4
3276	5
3277	4
3278	2
3279	2
3280	6
3281	2
3282	1
3283	4
3284	4
3285	3
3286	5
3287	1
3288	2
3289	7
3290	1
3291	5
3292	2
3293	7
3294	0
3295	4
3296	2
3297	1
3298	1
3299	3
3300	7
3301	3
3302	6
3303	3
3304	1
3305	3
3306	3
3307	1
3308	4
3309	8
3310	4
3311	7
3312	4
3313	3
3314	4
3315	0
3316	2
3317	5
3318	2
3319	5
3320	2
3321	6
3322	0
3323	4
3324	2
3325	2
3326	3
3327	3
3328	4
3329	0
3330	1
3331	5
3332	0
3333	0
3334	0
3335	4
3336	1
3337	2
3338	1
3339	3
3340	2
3341	1
3342	2
3343	2
3344	0
3345	2
3346	7
3347	3
3348	0
3349	3
3350	5
3351	1
3352	2
3353	2
3354	3
3355	5
3356	2
3357	4
3358	3
3359	4
3360	3
3361	2
3362	6
3363	5
3364	3
3365	3
3366	5
3367	0
3368	1
3369	2
3370	2
3371	4
3372	4
3373	0
3374	0
3375	4
3376	2
3377	0
3378	5
3379	3
3380	2
3381	1
3382	4
3383	0
3384	3
3385	2
3386	3
3387	3
3388	5
3389	3
3390	1
3391	1
3392	1
3393	1
3394	3
3395	2
3396	6
3397	2
3398	2
3399	1
3400	2
3401	2
3402	3
3403	3
3404	4
3405	1
3406	5
3407	4
3408	0
3409	2
3410	2
3411	2
3412	2
3413	2
3414	4
3415	4
3416	0
3417	5
3418	6
3419	0
3420	3
3421	3
3422	5
3423	7
3424	2
3425	0
3426	2
3427	2
3428	3
3429	2
3430	1
3431	4
3432	1
3433	1
3434	2
3435	3
3436	3
3437	4
3438	1
3439	3
3440	4
3441	4
3442	5
3443	4
3444	3
3445	2
3446	2
3447	1
3448	0
3449	3
3450	0
3451	6
3452	2
3453	2
3454	1
3455	0
3456	2
3457	3
3458	1
3459	0
3460	2
3461	2
3462	2
3463	1
3464	1
3465	1
3466	1
3467	4
3468	5
3469	2
3470	3
3471	1
3472	2
3473	1
3474	5
3475	4
3476	2
3477	4
3478	3
3479	3
3480	1
3481	2
3482	1
3483	2
3484	3
3485	1
3486	3
3487	5
3488	2
3489	4
3490	5
3491	1
3492	2
3493	6
3494	3
3495	3
3496	0
3497	4
3498	3
3499	4
3500	3
3501	1
3502	3
3503	0
3504	2
3505	2
3506	0
3507	2
3508	0
3509	1
3510	2
3511	4
3512	1
3513	1
3514	2
3515	1
3516	2
3517	4
3518	1
3519	1
3520	1
3521	3
3522	2
3523	1
3524	3
3525	1
3526	3
3527	0
3528	2
3529	3
3530	0
3531	1
3532	3
3533	2
3534	1
3535	3
3536	3
3537	2
3538	1
3539	3
3540	1
3541	1
3542	1
3543	1
3544	1
3545	3
3546	2
3547	0
3548	1
3549	1
3550	2
3551	1
3552	0
3553	0
3554	2
3555	0
3556	2
3557	1
3558	2
3559	2
3560	1
3561	3
3562	3
3563	1
3564	4
3565	0
3566	2
3567	3
3568	1
3569	1
3570	2
3571	1
3572	1
3573	1
3574	1
3575	2
3576	2
3577	1
3578	2
3579	3
3580	2
3581	2
3582	1
3583	2
3584	1
3585	3
3586	1
3587	1
3588	3
3589	3
3590	4
3591	2
3592	1
3593	5
3594	0
3595	4
3596	0
3597	0
3598	4
3599	1
3600	3
3601	1
3602	1
3603	4
3604	0
3605	1
3606	1
3607	2
3608	0
3609	3
3610	1
3611	4
3612	2
3613	3
3614	1
3615	2
3616	3
3617	3
3618	4
3619	1
3620	3
3621	1
3622	4
3623	1
3624	1
3625	2
3626	2
3627	0
3628	3
3629	1
3630	1
3631	0
3632	3
3633	2
3634	4
3635	2
3636	2
3637	1
3638	1
3639	3
3640	2
3641	1
3642	1
3643	2
3644	4
3645	2
3646	0
3647	1
3648	0
3649	2
3650	3
3651	0
3652	3
3653	3
3654	1
3655	2
3656	1
3657	0
3658	0
3659	0
3660	1
3661	0
3662	0
3663	2
3664	2
3665	1
3666	0
3667	0
3668	1
3669	2
3670	0
3671	1
3672	2
3673	1
3674	0
3675	1
3676	0
3677	3
3678	0
3679	1
3680	0
3681	3
3682	0
3683	1
3684	1
3685	0
3686	1
3687	0
3688	0
3689	2
3690	3
3691	0
3692	1
3693	1
3694	0
3695	2
3696	1
3697	1
3698	0
3699	0
3700	1
3701	0
3702	1
3703	1
3704	2
3705	2
3706	0
3707	3
3708	0
3709	0
3710	2
3711	0
3712	3
3713	3
3714	1
3715	0
3716	0
3717	2
3718	0
3719	0
3720	1
3721	0
3722	0
3723	2
3724	1
3725	0
3726	2
3727	0
3728	2
3729	1
3730	1
3731	1
3732	0
3733	3
3734	0
3735	1
3736	0
3737	1
3738	0
3739	2
3740	1
3741	3
3742	2
3743	1
3744	0
3745	0
3746	2
3747	0
3748	1
3749	0
3750	2
3751	3
3752	0
3753	1
3754	0
3755	2
3756	1
3757	0
3758	2
3759	1
3760	0
3761	0
3762	1
3763	2
3764	2
3765	3
3766	0
3767	0
3768	0
3769	0
3770	0
3771	0
3772	0
3773	2
3774	1
3775	1
3776	1
3777	4
3778	1
3779	2
3780	2
3781	1
3782	1
3783	0
3784	0
3785	2
3786	0
3787	0
3788	2
3789	0
3790	2
3791	0
3792	0
3793	0
3794	0
3795	0
3796	1
3797	2
3798	2
3799	1
3800	1
3801	2
3802	0
3803	1
3804	0
3805	0
3806	2
3807	0
3808	1
3809	2
3810	2
3811	0
3812	1
3813	1
3814	0
3815	0
3816	1
3817	2
3818	1
3819	2
3820	3
3821	1
3822	1
3823	1
3824	0
3825	0
3826	0
3827	1
3828	0
3829	0
3830	1
3831	2
3832	1
3833	2
3834	0
3835	0
3836	3
3837	0
3838	1
3839	1
3840	1
3841	0
3842	0
3843	2
3844	0
3845	0
3846	1
3847	1
3848	0
3849	1
3850	0
3851	2
3852	1
3853	1
3854	1
3855	1
3856	0
3857	0
3858	0
3859	0
3860	0
3861	0
3862	0
3863	0
3864	0
3865	0
3866	0
3867	1
3868	0
3869	1
3870	0
3871	0
3872	0
3873	0
3874	0
3875	0
3876	0
3877	0
3878	1
3879	0
3880	0
3881	0
3882	0
3883	0
3884	0
3885	0
3886	1
3887	0
3888	2
3889	0
3890	0
3891	0
3892	0
3893	0
3894	1
3895	0
3896	2
3897	0
3898	1
3899	3
3900	0
3901	1
3902	0
3903	0
3904	1
3905	1
3906	0
3907	1
3908	0
3909	0
3910	0
3911	1
3912	1
3913	1
3914	0
3915	0
3916	0
3917	0
3918	0
3919	1
3920	0
3921	1
3922	1
3923	0
3924	0
3925	0
3926	0
3927	0
3928	0
3929	0
3930	0
3931	1
3932	1
3933	0
3934	0
3935	0
3936	0
3937	0
3938	0
3939	0
3940	0
3941	0
3942	1
3943	0
3944	0
3945	2
3946	1
3947	0
3948	2
3949	0
3950	0
3951	0
3952	0
3953	0
3954	0
3955	0
3956	0
3957	0
3958	0
3959	1
3960	0
3961	0
3962	0
3963	0
3964	0
3965	0
3966	0
3967	0
3968	0
3969	0
3970	0
3971	1
3972	0
3973	0
3974	1
3975	0
3976	0
3977	2
3978	0
3979	0
3980	0
3981	0
3982	1
3983	0
3984	0
3985	0
3986	0
3987	0
3988	0
3989	1
3990	0
3991	1
3992	1
3993	0
3994	0
3995	0
3996	0
3997	0
3998	0
3999	0
4000	0
