Channel number	Impulses
Channel/#	Impulses/#

0	0
1	0
2	0
3	0
4	0
5	0
6	0
7	0
8	0
9	0
10	0
11	0
12	0
13	0
14	0
15	0
16	0
17	0
18	0
19	0
20	0
21	0
22	0
23	0
24	0
25	0
26	0
27	0
28	0
29	0
30	0
31	0
32	0
33	0
34	0
35	0
36	0
37	0
38	0
39	0
40	0
41	0
42	0
43	0
44	0
45	0
46	0
47	0
48	0
49	0
50	0
51	0
52	0
53	0
54	0
55	1
56	3
57	4
58	2
59	7
60	7
61	6
62	2
63	8
64	1
65	6
66	2
67	3
68	2
69	3
70	6
71	3
72	3
73	3
74	2
75	2
76	3
77	4
78	6
79	2
80	4
81	5
82	2
83	6
84	8
85	5
86	7
87	4
88	2
89	2
90	4
91	1
92	3
93	1
94	4
95	7
96	1
97	3
98	4
99	2
100	6
101	6
102	5
103	0
104	1
105	8
106	0
107	6
108	5
109	4
110	3
111	5
112	4
113	3
114	5
115	1
116	2
117	4
118	7
119	5
120	1
121	3
122	2
123	2
124	5
125	6
126	1
127	1
128	0
129	3
130	2
131	4
132	1
133	3
134	1
135	3
136	2
137	3
138	1
139	1
140	1
141	2
142	2
143	3
144	2
145	2
146	0
147	2
148	2
149	3
150	3
151	1
152	1
153	5
154	2
155	2
156	2
157	1
158	2
159	3
160	2
161	3
162	3
163	2
164	1
165	0
166	3
167	2
168	1
169	3
170	1
171	1
172	1
173	2
174	1
175	1
176	2
177	2
178	3
179	3
180	2
181	2
182	2
183	2
184	1
185	1
186	1
187	0
188	0
189	0
190	1
191	5
192	1
193	3
194	0
195	1
196	4
197	0
198	2
199	0
200	2
201	1
202	0
203	2
204	3
205	3
206	4
207	2
208	4
209	2
210	3
211	0
212	2
213	1
214	2
215	0
216	1
217	1
218	1
219	0
220	1
221	1
222	0
223	2
224	3
225	0
226	0
227	1
228	2
229	0
230	2
231	2
232	2
233	1
234	0
235	0
236	1
237	1
238	0
239	2
240	3
241	3
242	1
243	0
244	2
245	1
246	0
247	0
248	1
249	2
250	0
251	0
252	3
253	2
254	2
255	3
256	0
257	0
258	2
259	0
260	1
261	1
262	1
263	0
264	1
265	1
266	1
267	1
268	2
269	2
270	1
271	1
272	2
273	3
274	1
275	2
276	1
277	0
278	1
279	3
280	3
281	0
282	1
283	2
284	1
285	2
286	1
287	4
288	1
289	2
290	3
291	2
292	2
293	0
294	1
295	1
296	1
297	0
298	1
299	2
300	0
301	0
302	3
303	0
304	1
305	0
306	2
307	1
308	2
309	1
310	3
311	1
312	2
313	3
314	2
315	3
316	2
317	3
318	3
319	0
320	0
321	0
322	0
323	1
324	1
325	1
326	0
327	0
328	0
329	2
330	4
331	3
332	0
333	0
334	1
335	1
336	0
337	1
338	1
339	0
340	1
341	0
342	2
343	0
344	0
345	3
346	0
347	3
348	0
349	1
350	1
351	0
352	0
353	1
354	2
355	1
356	2
357	3
358	1
359	2
360	0
361	0
362	1
363	0
364	3
365	1
366	0
367	1
368	2
369	1
370	0
371	0
372	1
373	2
374	2
375	1
376	0
377	1
378	2
379	2
380	1
381	0
382	1
383	2
384	1
385	1
386	2
387	3
388	1
389	3
390	0
391	0
392	0
393	0
394	1
395	1
396	2
397	1
398	3
399	1
400	0
401	0
402	1
403	0
404	1
405	0
406	1
407	0
408	2
409	0
410	0
411	0
412	2
413	0
414	1
415	2
416	1
417	0
418	4
419	0
420	2
421	0
422	0
423	0
424	0
425	1
426	0
427	2
428	0
429	0
430	1
431	1
432	0
433	0
434	2
435	2
436	1
437	2
438	1
439	1
440	1
441	2
442	2
443	0
444	1
445	1
446	4
447	0
448	1
449	1
450	2
451	0
452	4
453	2
454	0
455	1
456	2
457	1
458	2
459	0
460	1
461	0
462	1
463	2
464	1
465	0
466	3
467	0
468	1
469	0
470	3
471	2
472	3
473	3
474	0
475	1
476	2
477	0
478	1
479	2
480	0
481	1
482	3
483	1
484	2
485	1
486	0
487	0
488	3
489	1
490	1
491	0
492	1
493	0
494	0
495	0
496	0
497	2
498	0
499	1
500	0
501	0
502	0
503	2
504	2
505	1
506	2
507	3
508	2
509	1
510	5
511	2
512	1
513	1
514	1
515	1
516	0
517	1
518	0
519	3
520	0
521	1
522	1
523	1
524	2
525	2
526	0
527	1
528	1
529	1
530	1
531	3
532	1
533	0
534	2
535	0
536	2
537	0
538	0
539	2
540	0
541	1
542	3
543	0
544	1
545	0
546	0
547	0
548	0
549	1
550	4
551	0
552	0
553	1
554	1
555	0
556	2
557	1
558	0
559	1
560	0
561	0
562	0
563	0
564	0
565	0
566	1
567	0
568	0
569	3
570	0
571	0
572	0
573	1
574	2
575	1
576	1
577	2
578	1
579	1
580	1
581	1
582	1
583	0
584	1
585	1
586	0
587	2
588	2
589	1
590	1
591	1
592	2
593	0
594	2
595	1
596	0
597	3
598	2
599	0
600	1
601	0
602	0
603	1
604	1
605	3
606	0
607	2
608	1
609	3
610	1
611	0
612	2
613	0
614	3
615	1
616	0
617	0
618	0
619	0
620	0
621	1
622	0
623	2
624	0
625	1
626	1
627	1
628	0
629	0
630	0
631	3
632	1
633	3
634	0
635	1
636	1
637	1
638	1
639	3
640	1
641	3
642	3
643	0
644	0
645	0
646	1
647	1
648	1
649	0
650	1
651	1
652	0
653	0
654	0
655	0
656	1
657	1
658	0
659	0
660	1
661	0
662	0
663	1
664	1
665	0
666	1
667	0
668	3
669	1
670	0
671	4
672	0
673	2
674	0
675	1
676	1
677	1
678	0
679	0
680	1
681	0
682	1
683	0
684	1
685	0
686	0
687	1
688	1
689	1
690	1
691	0
692	0
693	0
694	1
695	2
696	1
697	1
698	2
699	0
700	2
701	2
702	1
703	1
704	1
705	0
706	2
707	1
708	3
709	2
710	1
711	1
712	1
713	0
714	0
715	0
716	2
717	5
718	0
719	3
720	1
721	2
722	0
723	1
724	2
725	4
726	8
727	0
728	2
729	0
730	1
731	0
732	1
733	0
734	3
735	3
736	3
737	1
738	1
739	1
740	2
741	0
742	1
743	1
744	2
745	1
746	1
747	1
748	2
749	2
750	2
751	1
752	0
753	0
754	2
755	0
756	0
757	2
758	1
759	0
760	0
761	3
762	0
763	1
764	3
765	1
766	3
767	1
768	1
769	2
770	2
771	3
772	3
773	1
774	1
775	1
776	1
777	2
778	0
779	2
780	3
781	1
782	4
783	2
784	1
785	2
786	3
787	2
788	5
789	1
790	1
791	1
792	1
793	2
794	3
795	3
796	1
797	2
798	1
799	5
800	2
801	2
802	2
803	4
804	2
805	1
806	4
807	1
808	0
809	1
810	2
811	1
812	0
813	3
814	2
815	1
816	3
817	1
818	2
819	3
820	3
821	2
822	0
823	1
824	4
825	3
826	0
827	7
828	5
829	2
830	0
831	1
832	2
833	3
834	2
835	6
836	2
837	3
838	3
839	0
840	6
841	3
842	4
843	6
844	2
845	4
846	2
847	4
848	1
849	3
850	3
851	3
852	3
853	1
854	2
855	4
856	0
857	0
858	0
859	1
860	1
861	0
862	1
863	2
864	2
865	1
866	1
867	1
868	3
869	3
870	5
871	0
872	0
873	2
874	1
875	2
876	5
877	1
878	2
879	3
880	0
881	1
882	3
883	3
884	3
885	0
886	2
887	0
888	1
889	2
890	1
891	2
892	2
893	5
894	3
895	3
896	0
897	0
898	0
899	3
900	1
901	2
902	2
903	1
904	1
905	4
906	4
907	2
908	3
909	2
910	1
911	2
912	0
913	1
914	2
915	5
916	2
917	0
918	2
919	3
920	3
921	0
922	1
923	2
924	1
925	3
926	2
927	4
928	1
929	1
930	1
931	3
932	2
933	3
934	5
935	1
936	0
937	1
938	1
939	3
940	4
941	2
942	1
943	0
944	2
945	0
946	2
947	1
948	3
949	0
950	0
951	0
952	3
953	1
954	1
955	3
956	4
957	1
958	4
959	5
960	1
961	3
962	2
963	2
964	2
965	4
966	8
967	4
968	2
969	0
970	0
971	0
972	2
973	1
974	2
975	1
976	3
977	1
978	0
979	3
980	4
981	5
982	5
983	0
984	4
985	1
986	3
987	1
988	3
989	3
990	3
991	3
992	0
993	3
994	4
995	3
996	3
997	1
998	2
999	4
1000	5
1001	0
1002	1
1003	1
1004	4
1005	4
1006	2
1007	0
1008	3
1009	3
1010	6
1011	3
1012	1
1013	1
1014	2
1015	1
1016	4
1017	1
1018	2
1019	5
1020	6
1021	3
1022	0
1023	1
1024	1
1025	2
1026	2
1027	3
1028	1
1029	3
1030	1
1031	7
1032	5
1033	3
1034	2
1035	5
1036	1
1037	2
1038	3
1039	3
1040	2
1041	3
1042	0
1043	5
1044	3
1045	2
1046	6
1047	3
1048	6
1049	2
1050	3
1051	7
1052	3
1053	2
1054	2
1055	2
1056	0
1057	3
1058	1
1059	3
1060	0
1061	2
1062	2
1063	5
1064	1
1065	8
1066	6
1067	2
1068	1
1069	1
1070	1
1071	3
1072	3
1073	0
1074	6
1075	6
1076	0
1077	1
1078	3
1079	0
1080	1
1081	3
1082	5
1083	4
1084	0
1085	1
1086	2
1087	4
1088	1
1089	4
1090	2
1091	3
1092	3
1093	1
1094	5
1095	2
1096	4
1097	3
1098	7
1099	3
1100	5
1101	1
1102	2
1103	8
1104	5
1105	2
1106	5
1107	3
1108	3
1109	1
1110	0
1111	0
1112	1
1113	5
1114	3
1115	5
1116	3
1117	4
1118	3
1119	4
1120	3
1121	5
1122	6
1123	4
1124	1
1125	2
1126	4
1127	1
1128	5
1129	6
1130	0
1131	1
1132	2
1133	2
1134	4
1135	6
1136	1
1137	3
1138	3
1139	4
1140	4
1141	5
1142	2
1143	2
1144	3
1145	2
1146	2
1147	1
1148	1
1149	5
1150	1
1151	4
1152	2
1153	3
1154	2
1155	2
1156	2
1157	3
1158	3
1159	1
1160	1
1161	3
1162	5
1163	2
1164	4
1165	2
1166	4
1167	4
1168	1
1169	4
1170	2
1171	1
1172	1
1173	4
1174	3
1175	2
1176	1
1177	6
1178	2
1179	3
1180	5
1181	4
1182	6
1183	2
1184	5
1185	2
1186	1
1187	3
1188	2
1189	1
1190	5
1191	5
1192	5
1193	1
1194	4
1195	2
1196	6
1197	3
1198	5
1199	2
1200	1
1201	3
1202	4
1203	5
1204	2
1205	2
1206	2
1207	1
1208	5
1209	6
1210	4
1211	4
1212	9
1213	6
1214	2
1215	3
1216	3
1217	7
1218	3
1219	2
1220	3
1221	1
1222	4
1223	2
1224	4
1225	4
1226	5
1227	3
1228	4
1229	5
1230	5
1231	3
1232	4
1233	3
1234	2
1235	2
1236	3
1237	4
1238	6
1239	2
1240	5
1241	2
1242	2
1243	8
1244	4
1245	6
1246	3
1247	4
1248	1
1249	9
1250	5
1251	4
1252	5
1253	2
1254	5
1255	3
1256	3
1257	5
1258	7
1259	5
1260	8
1261	10
1262	4
1263	2
1264	4
1265	2
1266	3
1267	4
1268	3
1269	4
1270	2
1271	4
1272	2
1273	5
1274	2
1275	0
1276	3
1277	4
1278	5
1279	7
1280	0
1281	2
1282	5
1283	8
1284	3
1285	2
1286	4
1287	7
1288	3
1289	2
1290	4
1291	5
1292	4
1293	5
1294	5
1295	4
1296	4
1297	8
1298	3
1299	6
1300	4
1301	2
1302	6
1303	2
1304	3
1305	4
1306	4
1307	5
1308	6
1309	4
1310	7
1311	5
1312	3
1313	3
1314	5
1315	5
1316	5
1317	6
1318	7
1319	2
1320	1
1321	6
1322	0
1323	6
1324	4
1325	6
1326	5
1327	2
1328	5
1329	4
1330	3
1331	0
1332	6
1333	5
1334	4
1335	5
1336	8
1337	5
1338	5
1339	5
1340	5
1341	7
1342	4
1343	8
1344	6
1345	7
1346	4
1347	10
1348	7
1349	4
1350	9
1351	3
1352	7
1353	6
1354	2
1355	9
1356	6
1357	7
1358	1
1359	3
1360	5
1361	7
1362	6
1363	4
1364	4
1365	3
1366	4
1367	2
1368	6
1369	9
1370	5
1371	10
1372	9
1373	2
1374	8
1375	5
1376	4
1377	5
1378	0
1379	2
1380	9
1381	2
1382	5
1383	2
1384	4
1385	9
1386	1
1387	4
1388	5
1389	9
1390	6
1391	1
1392	4
1393	7
1394	5
1395	5
1396	5
1397	3
1398	9
1399	2
1400	3
1401	1
1402	7
1403	4
1404	9
1405	3
1406	6
1407	8
1408	4
1409	2
1410	1
1411	10
1412	0
1413	0
1414	8
1415	4
1416	9
1417	3
1418	5
1419	8
1420	8
1421	5
1422	5
1423	5
1424	6
1425	5
1426	6
1427	3
1428	5
1429	2
1430	7
1431	6
1432	9
1433	5
1434	7
1435	9
1436	2
1437	8
1438	9
1439	6
1440	8
1441	5
1442	4
1443	5
1444	6
1445	2
1446	10
1447	4
1448	4
1449	12
1450	1
1451	4
1452	3
1453	9
1454	8
1455	2
1456	4
1457	11
1458	5
1459	6
1460	4
1461	3
1462	5
1463	5
1464	6
1465	6
1466	3
1467	4
1468	3
1469	9
1470	6
1471	8
1472	5
1473	4
1474	7
1475	5
1476	15
1477	4
1478	6
1479	3
1480	6
1481	4
1482	5
1483	9
1484	5
1485	1
1486	8
1487	7
1488	7
1489	2
1490	9
1491	2
1492	4
1493	7
1494	8
1495	5
1496	3
1497	9
1498	4
1499	5
1500	5
1501	8
1502	5
1503	6
1504	6
1505	3
1506	6
1507	4
1508	7
1509	4
1510	4
1511	0
1512	5
1513	7
1514	3
1515	5
1516	7
1517	1
1518	4
1519	7
1520	6
1521	5
1522	3
1523	5
1524	9
1525	4
1526	1
1527	5
1528	12
1529	3
1530	8
1531	3
1532	16
1533	7
1534	7
1535	3
1536	1
1537	6
1538	13
1539	5
1540	6
1541	3
1542	7
1543	7
1544	2
1545	7
1546	10
1547	2
1548	10
1549	3
1550	4
1551	7
1552	3
1553	8
1554	4
1555	5
1556	9
1557	8
1558	11
1559	7
1560	4
1561	8
1562	3
1563	6
1564	7
1565	6
1566	7
1567	4
1568	10
1569	7
1570	3
1571	12
1572	7
1573	8
1574	10
1575	3
1576	5
1577	8
1578	7
1579	6
1580	7
1581	3
1582	11
1583	8
1584	9
1585	9
1586	7
1587	5
1588	4
1589	6
1590	6
1591	5
1592	5
1593	5
1594	4
1595	12
1596	13
1597	6
1598	5
1599	9
1600	4
1601	10
1602	8
1603	3
1604	7
1605	8
1606	6
1607	5
1608	6
1609	4
1610	2
1611	6
1612	4
1613	5
1614	3
1615	5
1616	9
1617	7
1618	11
1619	8
1620	7
1621	4
1622	8
1623	7
1624	5
1625	11
1626	10
1627	8
1628	4
1629	11
1630	6
1631	9
1632	9
1633	4
1634	6
1635	10
1636	6
1637	6
1638	12
1639	3
1640	5
1641	5
1642	4
1643	6
1644	11
1645	4
1646	7
1647	8
1648	4
1649	6
1650	3
1651	6
1652	10
1653	8
1654	8
1655	7
1656	4
1657	12
1658	6
1659	6
1660	8
1661	7
1662	6
1663	8
1664	4
1665	2
1666	9
1667	4
1668	12
1669	6
1670	8
1671	4
1672	5
1673	12
1674	4
1675	8
1676	9
1677	8
1678	8
1679	7
1680	5
1681	8
1682	7
1683	9
1684	3
1685	5
1686	6
1687	5
1688	7
1689	10
1690	7
1691	7
1692	9
1693	4
1694	8
1695	7
1696	5
1697	10
1698	8
1699	7
1700	8
1701	7
1702	6
1703	7
1704	4
1705	16
1706	6
1707	14
1708	8
1709	7
1710	8
1711	7
1712	11
1713	8
1714	6
1715	8
1716	9
1717	10
1718	13
1719	11
1720	11
1721	8
1722	4
1723	10
1724	11
1725	5
1726	10
1727	9
1728	6
1729	6
1730	8
1731	6
1732	9
1733	7
1734	7
1735	8
1736	9
1737	11
1738	8
1739	7
1740	10
1741	11
1742	6
1743	9
1744	9
1745	10
1746	12
1747	10
1748	8
1749	11
1750	10
1751	6
1752	9
1753	8
1754	9
1755	5
1756	5
1757	8
1758	12
1759	10
1760	8
1761	11
1762	12
1763	12
1764	13
1765	10
1766	11
1767	14
1768	11
1769	18
1770	11
1771	7
1772	15
1773	11
1774	12
1775	7
1776	6
1777	10
1778	19
1779	8
1780	16
1781	10
1782	18
1783	12
1784	16
1785	18
1786	7
1787	14
1788	10
1789	14
1790	11
1791	20
1792	8
1793	13
1794	13
1795	16
1796	20
1797	11
1798	25
1799	20
1800	16
1801	18
1802	12
1803	14
1804	17
1805	17
1806	13
1807	17
1808	19
1809	17
1810	14
1811	20
1812	27
1813	10
1814	21
1815	14
1816	26
1817	22
1818	18
1819	25
1820	32
1821	25
1822	20
1823	30
1824	15
1825	19
1826	30
1827	24
1828	38
1829	25
1830	40
1831	31
1832	19
1833	29
1834	21
1835	36
1836	37
1837	29
1838	36
1839	17
1840	28
1841	24
1842	36
1843	41
1844	32
1845	25
1846	42
1847	31
1848	43
1849	43
1850	30
1851	27
1852	47
1853	41
1854	37
1855	38
1856	29
1857	36
1858	44
1859	29
1860	50
1861	24
1862	51
1863	36
1864	46
1865	46
1866	41
1867	32
1868	56
1869	27
1870	47
1871	43
1872	35
1873	32
1874	38
1875	42
1876	33
1877	30
1878	42
1879	36
1880	48
1881	44
1882	31
1883	34
1884	42
1885	27
1886	33
1887	32
1888	40
1889	29
1890	25
1891	23
1892	29
1893	20
1894	40
1895	16
1896	26
1897	31
1898	26
1899	36
1900	39
1901	26
1902	26
1903	22
1904	22
1905	21
1906	27
1907	24
1908	21
1909	24
1910	27
1911	21
1912	21
1913	22
1914	15
1915	17
1916	13
1917	24
1918	21
1919	24
1920	9
1921	11
1922	22
1923	13
1924	20
1925	25
1926	13
1927	11
1928	6
1929	23
1930	15
1931	7
1932	18
1933	18
1934	13
1935	13
1936	12
1937	19
1938	19
1939	19
1940	16
1941	11
1942	22
1943	8
1944	15
1945	18
1946	15
1947	11
1948	11
1949	6
1950	13
1951	8
1952	15
1953	14
1954	17
1955	14
1956	16
1957	7
1958	15
1959	6
1960	8
1961	10
1962	10
1963	13
1964	10
1965	22
1966	12
1967	10
1968	10
1969	20
1970	15
1971	22
1972	12
1973	8
1974	20
1975	10
1976	17
1977	16
1978	11
1979	16
1980	16
1981	8
1982	19
1983	16
1984	11
1985	10
1986	9
1987	20
1988	14
1989	12
1990	8
1991	7
1992	12
1993	17
1994	10
1995	19
1996	12
1997	24
1998	11
1999	7
2000	15
2001	12
2002	9
2003	6
2004	6
2005	6
2006	16
2007	5
2008	11
2009	13
2010	9
2011	15
2012	9
2013	14
2014	10
2015	11
2016	14
2017	6
2018	6
2019	13
2020	13
2021	9
2022	13
2023	5
2024	12
2025	7
2026	8
2027	10
2028	5
2029	4
2030	11
2031	12
2032	9
2033	15
2034	15
2035	5
2036	7
2037	10
2038	7
2039	9
2040	8
2041	11
2042	10
2043	10
2044	9
2045	11
2046	13
2047	12
2048	6
2049	9
2050	16
2051	11
2052	12
2053	13
2054	7
2055	6
2056	8
2057	15
2058	5
2059	12
2060	16
2061	9
2062	8
2063	7
2064	6
2065	13
2066	6
2067	12
2068	9
2069	11
2070	12
2071	11
2072	4
2073	16
2074	12
2075	10
2076	14
2077	15
2078	7
2079	14
2080	11
2081	14
2082	10
2083	15
2084	8
2085	8
2086	15
2087	16
2088	7
2089	14
2090	6
2091	10
2092	11
2093	9
2094	14
2095	10
2096	16
2097	12
2098	16
2099	16
2100	10
2101	16
2102	18
2103	15
2104	13
2105	14
2106	12
2107	21
2108	13
2109	7
2110	11
2111	20
2112	12
2113	14
2114	11
2115	11
2116	10
2117	14
2118	13
2119	14
2120	12
2121	21
2122	6
2123	19
2124	14
2125	17
2126	5
2127	13
2128	13
2129	15
2130	5
2131	13
2132	8
2133	11
2134	16
2135	10
2136	14
2137	8
2138	7
2139	12
2140	9
2141	10
2142	13
2143	11
2144	10
2145	8
2146	10
2147	10
2148	5
2149	3
2150	16
2151	15
2152	5
2153	7
2154	4
2155	9
2156	5
2157	15
2158	7
2159	11
2160	4
2161	11
2162	10
2163	10
2164	8
2165	6
2166	5
2167	4
2168	8
2169	6
2170	12
2171	7
2172	7
2173	9
2174	4
2175	10
2176	2
2177	11
2178	10
2179	10
2180	9
2181	8
2182	11
2183	9
2184	3
2185	14
2186	8
2187	8
2188	6
2189	7
2190	6
2191	8
2192	8
2193	8
2194	5
2195	9
2196	6
2197	7
2198	4
2199	5
2200	4
2201	9
2202	4
2203	10
2204	6
2205	2
2206	9
2207	9
2208	5
2209	4
2210	5
2211	6
2212	5
2213	8
2214	10
2215	4
2216	6
2217	5
2218	8
2219	4
2220	6
2221	4
2222	7
2223	6
2224	2
2225	4
2226	5
2227	4
2228	3
2229	3
2230	11
2231	4
2232	6
2233	12
2234	7
2235	4
2236	9
2237	7
2238	4
2239	7
2240	6
2241	9
2242	9
2243	11
2244	7
2245	7
2246	7
2247	4
2248	0
2249	7
2250	5
2251	7
2252	10
2253	6
2254	2
2255	3
2256	2
2257	6
2258	7
2259	7
2260	8
2261	3
2262	4
2263	8
2264	7
2265	4
2266	0
2267	1
2268	2
2269	9
2270	2
2271	7
2272	4
2273	6
2274	3
2275	12
2276	8
2277	2
2278	5
2279	6
2280	4
2281	6
2282	6
2283	4
2284	10
2285	3
2286	3
2287	13
2288	4
2289	2
2290	6
2291	4
2292	3
2293	5
2294	9
2295	5
2296	4
2297	6
2298	8
2299	2
2300	4
2301	1
2302	3
2303	6
2304	3
2305	6
2306	3
2307	6
2308	4
2309	5
2310	4
2311	8
2312	9
2313	8
2314	5
2315	4
2316	3
2317	9
2318	5
2319	4
2320	6
2321	5
2322	1
2323	7
2324	6
2325	6
2326	3
2327	5
2328	3
2329	9
2330	4
2331	1
2332	4
2333	0
2334	1
2335	6
2336	3
2337	5
2338	9
2339	2
2340	4
2341	1
2342	7
2343	5
2344	3
2345	8
2346	5
2347	7
2348	6
2349	5
2350	3
2351	1
2352	3
2353	6
2354	4
2355	6
2356	8
2357	3
2358	8
2359	1
2360	4
2361	6
2362	1
2363	10
2364	1
2365	8
2366	7
2367	7
2368	4
2369	2
2370	2
2371	8
2372	7
2373	4
2374	9
2375	5
2376	5
2377	2
2378	6
2379	4
2380	4
2381	6
2382	2
2383	3
2384	1
2385	9
2386	4
2387	5
2388	10
2389	5
2390	6
2391	8
2392	6
2393	7
2394	5
2395	2
2396	5
2397	7
2398	3
2399	2
2400	5
2401	8
2402	8
2403	3
2404	6
2405	3
2406	4
2407	6
2408	4
2409	5
2410	3
2411	2
2412	1
2413	7
2414	4
2415	6
2416	7
2417	6
2418	3
2419	5
2420	8
2421	7
2422	4
2423	5
2424	2
2425	7
2426	3
2427	4
2428	8
2429	6
2430	1
2431	4
2432	1
2433	4
2434	2
2435	2
2436	5
2437	3
2438	6
2439	2
2440	1
2441	7
2442	2
2443	6
2444	4
2445	2
2446	4
2447	7
2448	5
2449	4
2450	7
2451	5
2452	4
2453	2
2454	6
2455	2
2456	6
2457	6
2458	3
2459	5
2460	9
2461	8
2462	4
2463	6
2464	1
2465	2
2466	5
2467	8
2468	3
2469	1
2470	9
2471	4
2472	3
2473	10
2474	5
2475	5
2476	8
2477	3
2478	4
2479	5
2480	1
2481	7
2482	1
2483	3
2484	7
2485	6
2486	9
2487	1
2488	2
2489	5
2490	4
2491	13
2492	6
2493	6
2494	5
2495	6
2496	5
2497	3
2498	5
2499	5
2500	6
2501	5
2502	4
2503	6
2504	9
2505	5
2506	6
2507	4
2508	10
2509	8
2510	6
2511	5
2512	6
2513	5
2514	5
2515	10
2516	11
2517	4
2518	4
2519	3
2520	11
2521	12
2522	3
2523	13
2524	9
2525	12
2526	7
2527	4
2528	8
2529	4
2530	4
2531	9
2532	4
2533	4
2534	11
2535	5
2536	6
2537	5
2538	7
2539	5
2540	6
2541	7
2542	6
2543	9
2544	10
2545	6
2546	7
2547	10
2548	6
2549	9
2550	10
2551	4
2552	9
2553	11
2554	5
2555	11
2556	7
2557	10
2558	9
2559	9
2560	3
2561	8
2562	7
2563	3
2564	6
2565	9
2566	10
2567	5
2568	6
2569	6
2570	7
2571	10
2572	10
2573	4
2574	8
2575	5
2576	5
2577	2
2578	1
2579	6
2580	6
2581	6
2582	6
2583	2
2584	6
2585	10
2586	3
2587	8
2588	6
2589	3
2590	4
2591	5
2592	4
2593	6
2594	3
2595	10
2596	8
2597	2
2598	5
2599	8
2600	5
2601	2
2602	2
2603	8
2604	3
2605	2
2606	2
2607	4
2608	7
2609	8
2610	5
2611	12
2612	5
2613	2
2614	2
2615	3
2616	0
2617	7
2618	2
2619	3
2620	10
2621	3
2622	1
2623	4
2624	4
2625	6
2626	3
2627	8
2628	2
2629	4
2630	7
2631	7
2632	3
2633	7
2634	3
2635	2
2636	7
2637	2
2638	3
2639	2
2640	3
2641	6
2642	4
2643	7
2644	0
2645	5
2646	8
2647	2
2648	1
2649	5
2650	6
2651	2
2652	4
2653	1
2654	2
2655	2
2656	7
2657	4
2658	1
2659	2
2660	5
2661	4
2662	12
2663	7
2664	2
2665	6
2666	1
2667	7
2668	6
2669	4
2670	3
2671	5
2672	3
2673	3
2674	0
2675	9
2676	5
2677	3
2678	2
2679	2
2680	2
2681	7
2682	3
2683	6
2684	3
2685	10
2686	3
2687	6
2688	3
2689	7
2690	4
2691	5
2692	8
2693	1
2694	3
2695	3
2696	5
2697	3
2698	1
2699	5
2700	2
2701	8
2702	2
2703	3
2704	5
2705	0
2706	2
2707	6
2708	2
2709	2
2710	4
2711	4
2712	8
2713	7
2714	3
2715	7
2716	5
2717	6
2718	3
2719	1
2720	1
2721	1
2722	6
2723	3
2724	3
2725	4
2726	2
2727	7
2728	4
2729	7
2730	5
2731	6
2732	3
2733	1
2734	6
2735	1
2736	5
2737	5
2738	7
2739	8
2740	1
2741	1
2742	4
2743	5
2744	5
2745	5
2746	2
2747	6
2748	4
2749	6
2750	6
2751	5
2752	8
2753	4
2754	3
2755	4
2756	6
2757	6
2758	4
2759	1
2760	2
2761	1
2762	2
2763	4
2764	5
2765	2
2766	1
2767	5
2768	4
2769	4
2770	2
2771	8
2772	3
2773	5
2774	8
2775	2
2776	1
2777	5
2778	1
2779	8
2780	5
2781	6
2782	2
2783	5
2784	2
2785	4
2786	1
2787	1
2788	6
2789	2
2790	4
2791	1
2792	3
2793	6
2794	3
2795	2
2796	3
2797	4
2798	7
2799	5
2800	2
2801	3
2802	6
2803	4
2804	6
2805	1
2806	4
2807	1
2808	5
2809	4
2810	3
2811	7
2812	5
2813	1
2814	2
2815	3
2816	4
2817	3
2818	7
2819	4
2820	5
2821	1
2822	6
2823	1
2824	4
2825	4
2826	1
2827	10
2828	8
2829	6
2830	3
2831	4
2832	6
2833	4
2834	6
2835	6
2836	1
2837	3
2838	5
2839	3
2840	6
2841	6
2842	3
2843	5
2844	2
2845	6
2846	3
2847	4
2848	4
2849	1
2850	7
2851	4
2852	5
2853	6
2854	5
2855	6
2856	3
2857	5
2858	2
2859	5
2860	7
2861	2
2862	6
2863	4
2864	5
2865	5
2866	6
2867	5
2868	2
2869	3
2870	1
2871	3
2872	2
2873	4
2874	2
2875	2
2876	1
2877	4
2878	2
2879	5
2880	2
2881	1
2882	7
2883	4
2884	6
2885	2
2886	5
2887	3
2888	6
2889	4
2890	2
2891	1
2892	5
2893	7
2894	2
2895	4
2896	3
2897	5
2898	6
2899	5
2900	4
2901	1
2902	4
2903	3
2904	2
2905	6
2906	3
2907	4
2908	3
2909	3
2910	3
2911	2
2912	2
2913	1
2914	1
2915	3
2916	4
2917	0
2918	5
2919	7
2920	0
2921	4
2922	3
2923	3
2924	5
2925	2
2926	2
2927	3
2928	2
2929	3
2930	3
2931	1
2932	7
2933	3
2934	2
2935	1
2936	3
2937	4
2938	8
2939	4
2940	6
2941	5
2942	1
2943	7
2944	5
2945	3
2946	1
2947	3
2948	3
2949	1
2950	6
2951	3
2952	3
2953	2
2954	3
2955	4
2956	3
2957	3
2958	3
2959	1
2960	3
2961	2
2962	2
2963	8
2964	3
2965	3
2966	1
2967	3
2968	8
2969	5
2970	2
2971	4
2972	6
2973	3
2974	5
2975	3
2976	7
2977	3
2978	5
2979	4
2980	1
2981	1
2982	2
2983	2
2984	4
2985	5
2986	0
2987	0
2988	6
2989	0
2990	2
2991	4
2992	4
2993	2
2994	6
2995	2
2996	1
2997	5
2998	5
2999	4
3000	5
3001	2
3002	1
3003	3
3004	6
3005	5
3006	4
3007	2
3008	3
3009	2
3010	5
3011	4
3012	4
3013	4
3014	1
3015	1
3016	3
3017	5
3018	1
3019	3
3020	2
3021	1
3022	2
3023	4
3024	4
3025	3
3026	1
3027	3
3028	4
3029	4
3030	3
3031	1
3032	2
3033	3
3034	3
3035	5
3036	5
3037	3
3038	2
3039	2
3040	0
3041	4
3042	5
3043	1
3044	3
3045	2
3046	1
3047	6
3048	3
3049	6
3050	4
3051	1
3052	3
3053	4
3054	3
3055	2
3056	1
3057	2
3058	1
3059	2
3060	5
3061	2
3062	2
3063	3
3064	3
3065	5
3066	0
3067	3
3068	3
3069	3
3070	3
3071	1
3072	10
3073	3
3074	2
3075	2
3076	1
3077	0
3078	3
3079	4
3080	3
3081	5
3082	0
3083	5
3084	4
3085	2
3086	0
3087	2
3088	1
3089	4
3090	3
3091	4
3092	5
3093	3
3094	3
3095	3
3096	7
3097	3
3098	3
3099	4
3100	4
3101	1
3102	2
3103	2
3104	3
3105	3
3106	1
3107	3
3108	1
3109	4
3110	1
3111	1
3112	3
3113	3
3114	3
3115	3
3116	2
3117	0
3118	1
3119	5
3120	2
3121	2
3122	4
3123	4
3124	2
3125	1
3126	4
3127	1
3128	0
3129	1
3130	3
3131	7
3132	4
3133	5
3134	4
3135	4
3136	4
3137	1
3138	0
3139	1
3140	2
3141	4
3142	2
3143	4
3144	4
3145	12
3146	2
3147	1
3148	5
3149	3
3150	3
3151	3
3152	2
3153	1
3154	2
3155	2
3156	1
3157	4
3158	3
3159	1
3160	2
3161	8
3162	3
3163	3
3164	2
3165	2
3166	1
3167	1
3168	0
3169	3
3170	2
3171	5
3172	2
3173	2
3174	6
3175	2
3176	5
3177	5
3178	0
3179	3
3180	1
3181	2
3182	0
3183	4
3184	1
3185	2
3186	1
3187	3
3188	0
3189	1
3190	4
3191	5
3192	0
3193	5
3194	4
3195	1
3196	3
3197	3
3198	4
3199	2
3200	4
3201	2
3202	4
3203	2
3204	4
3205	1
3206	1
3207	1
3208	3
3209	3
3210	3
3211	3
3212	0
3213	1
3214	2
3215	3
3216	1
3217	1
3218	2
3219	4
3220	0
3221	2
3222	1
3223	3
3224	1
3225	0
3226	2
3227	3
3228	3
3229	2
3230	2
3231	5
3232	1
3233	3
3234	3
3235	3
3236	3
3237	1
3238	1
3239	5
3240	2
3241	3
3242	2
3243	1
3244	7
3245	0
3246	1
3247	1
3248	2
3249	4
3250	4
3251	2
3252	2
3253	5
3254	4
3255	1
3256	2
3257	4
3258	0
3259	0
3260	0
3261	1
3262	2
3263	1
3264	1
3265	6
3266	2
3267	2
3268	3
3269	3
3270	6
3271	2
3272	1
3273	5
3274	2
3275	0
3276	3
3277	5
3278	1
3279	2
3280	3
3281	4
3282	2
3283	2
3284	5
3285	1
3286	4
3287	1
3288	4
3289	3
3290	2
3291	1
3292	3
3293	2
3294	2
3295	2
3296	1
3297	3
3298	1
3299	0
3300	2
3301	0
3302	1
3303	1
3304	1
3305	4
3306	2
3307	3
3308	0
3309	0
3310	4
3311	2
3312	3
3313	1
3314	1
3315	4
3316	3
3317	4
3318	2
3319	0
3320	2
3321	1
3322	1
3323	1
3324	0
3325	2
3326	1
3327	2
3328	1
3329	1
3330	2
3331	1
3332	2
3333	1
3334	4
3335	1
3336	3
3337	2
3338	2
3339	1
3340	1
3341	4
3342	0
3343	2
3344	1
3345	1
3346	1
3347	5
3348	2
3349	0
3350	0
3351	2
3352	2
3353	5
3354	1
3355	1
3356	2
3357	1
3358	2
3359	2
3360	0
3361	2
3362	1
3363	0
3364	1
3365	0
3366	1
3367	1
3368	0
3369	2
3370	4
3371	1
3372	0
3373	2
3374	0
3375	1
3376	2
3377	2
3378	1
3379	1
3380	3
3381	1
3382	0
3383	0
3384	1
3385	3
3386	3
3387	3
3388	0
3389	1
3390	3
3391	5
3392	3
3393	0
3394	3
3395	1
3396	0
3397	3
3398	2
3399	2
3400	0
3401	2
3402	1
3403	1
3404	1
3405	3
3406	2
3407	4
3408	0
3409	0
3410	1
3411	2
3412	0
3413	2
3414	1
3415	0
3416	0
3417	4
3418	0
3419	1
3420	0
3421	1
3422	2
3423	0
3424	3
3425	2
3426	0
3427	3
3428	1
3429	2
3430	2
3431	1
3432	1
3433	3
3434	0
3435	3
3436	2
3437	2
3438	1
3439	0
3440	0
3441	0
3442	2
3443	4
3444	2
3445	2
3446	3
3447	0
3448	7
3449	3
3450	1
3451	1
3452	0
3453	1
3454	1
3455	2
3456	2
3457	1
3458	0
3459	0
3460	3
3461	2
3462	0
3463	0
3464	1
3465	0
3466	0
3467	1
3468	1
3469	0
3470	0
3471	0
3472	1
3473	0
3474	1
3475	1
3476	2
3477	1
3478	0
3479	1
3480	0
3481	1
3482	4
3483	3
3484	1
3485	0
3486	1
3487	2
3488	0
3489	0
3490	0
3491	0
3492	0
3493	1
3494	0
3495	2
3496	0
3497	2
3498	0
3499	1
3500	1
3501	2
3502	0
3503	1
3504	0
3505	3
3506	0
3507	0
3508	0
3509	2
3510	0
3511	0
3512	1
3513	1
3514	0
3515	0
3516	1
3517	2
3518	2
3519	0
3520	0
3521	1
3522	2
3523	2
3524	0
3525	0
3526	1
3527	0
3528	0
3529	2
3530	2
3531	0
3532	0
3533	0
3534	2
3535	0
3536	3
3537	0
3538	0
3539	0
3540	0
3541	0
3542	1
3543	0
3544	1
3545	3
3546	0
3547	0
3548	0
3549	1
3550	1
3551	0
3552	1
3553	1
3554	0
3555	0
3556	0
3557	2
3558	0
3559	0
3560	2
3561	3
3562	0
3563	1
3564	1
3565	1
3566	1
3567	0
3568	1
3569	0
3570	0
3571	1
3572	0
3573	1
3574	0
3575	0
3576	1
3577	0
3578	0
3579	0
3580	1
3581	0
3582	1
3583	0
3584	0
3585	1
3586	0
3587	0
3588	1
3589	0
3590	0
3591	1
3592	0
3593	1
3594	0
3595	0
3596	0
3597	1
3598	0
3599	0
3600	0
3601	0
3602	0
3603	1
3604	0
3605	0
3606	0
3607	0
3608	0
3609	1
3610	1
3611	1
3612	0
3613	0
3614	0
3615	0
3616	1
3617	0
3618	1
3619	1
3620	1
3621	1
3622	0
3623	2
3624	0
3625	0
3626	1
3627	0
3628	0
3629	0
3630	1
3631	0
3632	1
3633	0
3634	0
3635	1
3636	1
3637	0
3638	0
3639	0
3640	0
3641	0
3642	1
3643	1
3644	0
3645	0
3646	2
3647	2
3648	0
3649	0
3650	0
3651	0
3652	0
3653	0
3654	0
3655	0
3656	0
3657	0
3658	0
3659	0
3660	0
3661	0
3662	0
3663	0
3664	0
3665	0
3666	0
3667	0
3668	0
3669	0
3670	0
3671	0
3672	0
3673	0
3674	0
3675	0
3676	0
3677	0
3678	0
3679	0
3680	0
3681	0
3682	0
3683	0
3684	0
3685	0
3686	0
3687	0
3688	0
3689	0
3690	2
3691	0
3692	0
3693	1
3694	0
3695	0
3696	0
3697	0
3698	0
3699	0
3700	0
3701	0
3702	0
3703	1
3704	1
3705	0
3706	0
3707	0
3708	0
3709	0
3710	1
3711	1
3712	0
3713	0
3714	1
3715	1
3716	0
3717	0
3718	1
3719	1
3720	0
3721	0
3722	0
3723	0
3724	0
3725	0
3726	0
3727	0
3728	1
3729	0
3730	0
3731	0
3732	0
3733	0
3734	0
3735	0
3736	0
3737	0
3738	1
3739	0
3740	0
3741	0
3742	0
3743	0
3744	1
3745	0
3746	0
3747	0
3748	0
3749	0
3750	0
3751	0
3752	0
3753	0
3754	0
3755	0
3756	0
3757	0
3758	0
3759	0
3760	0
3761	0
3762	0
3763	0
3764	0
3765	0
3766	0
3767	0
3768	0
3769	0
3770	0
3771	0
3772	0
3773	0
3774	0
3775	0
3776	0
3777	0
3778	0
3779	0
3780	0
3781	0
3782	0
3783	0
3784	0
3785	0
3786	0
3787	0
3788	0
3789	0
3790	0
3791	0
3792	0
3793	0
3794	0
3795	1
3796	0
3797	0
3798	0
3799	0
3800	0
3801	0
3802	0
3803	0
3804	0
3805	0
3806	0
3807	0
3808	0
3809	0
3810	0
3811	0
3812	0
3813	0
3814	0
3815	0
3816	0
3817	0
3818	0
3819	0
3820	0
3821	0
3822	0
3823	0
3824	0
3825	0
3826	0
3827	0
3828	0
3829	0
3830	1
3831	0
3832	0
3833	0
3834	0
3835	0
3836	1
3837	0
3838	0
3839	0
3840	0
3841	0
3842	0
3843	0
3844	0
3845	0
3846	0
3847	0
3848	0
3849	0
3850	0
3851	0
3852	0
3853	0
3854	0
3855	0
3856	0
3857	0
3858	0
3859	0
3860	0
3861	0
3862	0
3863	0
3864	0
3865	0
3866	0
3867	0
3868	0
3869	0
3870	0
3871	0
3872	0
3873	0
3874	0
3875	0
3876	0
3877	0
3878	0
3879	0
3880	0
3881	0
3882	0
3883	0
3884	0
3885	0
3886	0
3887	0
3888	0
3889	0
3890	0
3891	0
3892	0
3893	0
3894	0
3895	0
3896	0
3897	0
3898	0
3899	0
3900	0
3901	0
3902	0
3903	0
3904	0
3905	0
3906	0
3907	0
3908	0
3909	0
3910	0
3911	0
3912	0
3913	0
3914	0
3915	0
3916	0
3917	0
3918	0
3919	0
3920	0
3921	0
3922	0
3923	0
3924	0
3925	0
3926	0
3927	0
3928	0
3929	0
3930	0
3931	0
3932	0
3933	0
3934	0
3935	0
3936	0
3937	0
3938	0
3939	0
3940	0
3941	0
3942	0
3943	0
3944	0
3945	0
3946	0
3947	0
3948	0
3949	0
3950	0
3951	0
3952	0
3953	0
3954	0
3955	0
3956	0
3957	0
3958	0
3959	0
3960	0
3961	0
3962	0
3963	0
3964	0
3965	0
3966	0
3967	0
3968	0
3969	0
3970	0
3971	0
3972	0
3973	0
3974	0
3975	0
3976	0
3977	0
3978	0
3979	0
3980	0
3981	0
3982	0
3983	0
3984	0
3985	0
3986	0
3987	0
3988	0
3989	0
3990	0
3991	0
3992	0
3993	0
3994	0
3995	0
3996	0
3997	0
3998	0
3999	0
4000	0
