Channel number	Impulses
Channel/#	Impulses/#

0	0
1	0
2	0
3	0
4	0
5	0
6	0
7	0
8	0
9	0
10	0
11	0
12	0
13	0
14	0
15	0
16	0
17	0
18	0
19	0
20	0
21	0
22	0
23	0
24	0
25	0
26	0
27	0
28	0
29	0
30	0
31	0
32	0
33	0
34	0
35	0
36	0
37	0
38	0
39	0
40	0
41	0
42	0
43	0
44	0
45	0
46	0
47	0
48	0
49	0
50	0
51	0
52	0
53	0
54	2
55	1
56	2
57	3
58	6
59	5
60	6
61	3
62	1
63	10
64	2
65	5
66	5
67	3
68	5
69	5
70	15
71	6
72	1
73	5
74	5
75	4
76	5
77	11
78	1
79	6
80	4
81	3
82	6
83	4
84	4
85	2
86	6
87	4
88	2
89	6
90	6
91	3
92	3
93	1
94	5
95	11
96	4
97	2
98	4
99	2
100	13
101	3
102	5
103	4
104	4
105	4
106	3
107	5
108	2
109	2
110	2
111	6
112	3
113	3
114	3
115	4
116	0
117	3
118	4
119	3
120	2
121	6
122	3
123	7
124	5
125	5
126	2
127	7
128	4
129	1
130	3
131	2
132	2
133	7
134	2
135	2
136	3
137	1
138	7
139	2
140	2
141	3
142	4
143	3
144	1
145	0
146	2
147	2
148	3
149	2
150	4
151	1
152	3
153	2
154	5
155	4
156	4
157	4
158	1
159	3
160	2
161	4
162	2
163	1
164	2
165	5
166	2
167	1
168	2
169	4
170	4
171	3
172	2
173	4
174	5
175	2
176	1
177	3
178	2
179	4
180	1
181	4
182	2
183	3
184	4
185	2
186	3
187	2
188	3
189	1
190	3
191	7
192	1
193	2
194	2
195	4
196	5
197	1
198	2
199	2
200	3
201	4
202	3
203	2
204	4
205	0
206	3
207	4
208	2
209	6
210	1
211	3
212	2
213	0
214	2
215	3
216	2
217	1
218	0
219	3
220	2
221	4
222	2
223	2
224	1
225	3
226	0
227	3
228	3
229	0
230	8
231	6
232	2
233	2
234	3
235	1
236	5
237	2
238	5
239	1
240	2
241	5
242	3
243	0
244	2
245	0
246	1
247	2
248	1
249	3
250	2
251	2
252	2
253	1
254	5
255	6
256	1
257	1
258	6
259	4
260	3
261	3
262	3
263	2
264	3
265	6
266	0
267	4
268	0
269	1
270	3
271	3
272	2
273	5
274	0
275	1
276	2
277	3
278	3
279	1
280	3
281	3
282	5
283	0
284	2
285	0
286	1
287	5
288	6
289	1
290	3
291	1
292	2
293	0
294	4
295	1
296	2
297	3
298	3
299	3
300	2
301	1
302	1
303	3
304	3
305	2
306	2
307	4
308	2
309	4
310	2
311	4
312	2
313	1
314	3
315	1
316	1
317	1
318	4
319	6
320	1
321	2
322	4
323	1
324	1
325	0
326	2
327	2
328	1
329	5
330	2
331	1
332	4
333	5
334	3
335	2
336	1
337	5
338	3
339	1
340	1
341	2
342	4
343	0
344	1
345	1
346	3
347	0
348	2
349	2
350	1
351	2
352	1
353	1
354	3
355	2
356	1
357	3
358	5
359	1
360	2
361	6
362	1
363	0
364	2
365	1
366	3
367	1
368	2
369	3
370	4
371	1
372	1
373	1
374	3
375	1
376	2
377	3
378	4
379	4
380	0
381	3
382	0
383	2
384	0
385	3
386	0
387	3
388	2
389	2
390	3
391	1
392	1
393	1
394	2
395	0
396	1
397	2
398	0
399	2
400	2
401	1
402	3
403	2
404	2
405	1
406	2
407	2
408	3
409	2
410	1
411	1
412	0
413	3
414	5
415	2
416	1
417	0
418	2
419	1
420	1
421	2
422	4
423	1
424	1
425	2
426	3
427	2
428	0
429	1
430	0
431	1
432	4
433	5
434	2
435	3
436	0
437	2
438	0
439	0
440	2
441	3
442	1
443	2
444	0
445	0
446	0
447	2
448	3
449	4
450	1
451	2
452	2
453	0
454	3
455	2
456	1
457	2
458	5
459	3
460	3
461	0
462	1
463	2
464	3
465	0
466	2
467	2
468	1
469	4
470	2
471	4
472	3
473	1
474	5
475	3
476	2
477	3
478	3
479	3
480	2
481	2
482	3
483	0
484	1
485	1
486	1
487	1
488	2
489	2
490	2
491	2
492	1
493	2
494	3
495	3
496	4
497	3
498	4
499	2
500	3
501	1
502	0
503	1
504	2
505	0
506	1
507	3
508	3
509	3
510	3
511	4
512	0
513	1
514	0
515	2
516	1
517	0
518	1
519	0
520	1
521	2
522	2
523	3
524	2
525	4
526	0
527	2
528	0
529	2
530	3
531	1
532	2
533	1
534	2
535	1
536	3
537	1
538	2
539	1
540	0
541	2
542	2
543	1
544	4
545	1
546	0
547	0
548	2
549	0
550	1
551	4
552	3
553	3
554	1
555	1
556	1
557	0
558	2
559	0
560	1
561	1
562	2
563	2
564	2
565	2
566	3
567	0
568	1
569	3
570	1
571	0
572	0
573	0
574	3
575	3
576	1
577	4
578	3
579	4
580	1
581	4
582	3
583	0
584	3
585	0
586	2
587	0
588	3
589	0
590	2
591	1
592	0
593	2
594	2
595	4
596	1
597	2
598	2
599	0
600	2
601	0
602	2
603	1
604	1
605	3
606	1
607	2
608	2
609	0
610	2
611	2
612	1
613	0
614	1
615	1
616	0
617	3
618	1
619	0
620	4
621	0
622	0
623	1
624	4
625	1
626	1
627	4
628	2
629	0
630	1
631	1
632	2
633	2
634	2
635	2
636	3
637	1
638	1
639	5
640	2
641	0
642	2
643	1
644	5
645	0
646	3
647	1
648	3
649	0
650	0
651	0
652	2
653	2
654	2
655	2
656	4
657	4
658	4
659	1
660	1
661	0
662	2
663	3
664	4
665	0
666	2
667	2
668	4
669	2
670	2
671	4
672	2
673	3
674	1
675	0
676	3
677	5
678	1
679	0
680	1
681	0
682	1
683	0
684	3
685	1
686	3
687	2
688	1
689	2
690	2
691	2
692	1
693	1
694	5
695	2
696	1
697	3
698	1
699	2
700	2
701	1
702	0
703	3
704	0
705	1
706	1
707	1
708	4
709	1
710	3
711	1
712	1
713	0
714	1
715	2
716	4
717	0
718	1
719	0
720	1
721	0
722	4
723	0
724	2
725	1
726	3
727	2
728	3
729	0
730	2
731	1
732	3
733	3
734	5
735	1
736	2
737	5
738	1
739	1
740	2
741	2
742	0
743	2
744	1
745	4
746	2
747	3
748	4
749	2
750	1
751	1
752	3
753	3
754	3
755	2
756	3
757	1
758	5
759	3
760	4
761	5
762	6
763	7
764	2
765	4
766	3
767	3
768	2
769	0
770	1
771	3
772	2
773	3
774	4
775	1
776	3
777	1
778	1
779	2
780	1
781	5
782	6
783	3
784	6
785	0
786	3
787	0
788	3
789	0
790	1
791	1
792	1
793	3
794	4
795	1
796	4
797	1
798	4
799	3
800	3
801	4
802	4
803	4
804	5
805	0
806	6
807	3
808	1
809	3
810	2
811	3
812	2
813	3
814	3
815	1
816	1
817	3
818	3
819	5
820	7
821	3
822	8
823	2
824	5
825	2
826	2
827	2
828	5
829	5
830	5
831	2
832	2
833	1
834	7
835	3
836	5
837	2
838	9
839	2
840	5
841	6
842	4
843	1
844	4
845	3
846	2
847	2
848	2
849	3
850	2
851	3
852	4
853	3
854	6
855	4
856	4
857	4
858	2
859	4
860	8
861	6
862	6
863	7
864	4
865	5
866	4
867	2
868	1
869	3
870	3
871	5
872	3
873	1
874	5
875	3
876	2
877	3
878	4
879	2
880	1
881	6
882	2
883	5
884	4
885	4
886	3
887	4
888	2
889	2
890	1
891	4
892	3
893	5
894	3
895	2
896	3
897	2
898	0
899	1
900	1
901	1
902	8
903	1
904	2
905	2
906	0
907	2
908	0
909	1
910	3
911	1
912	5
913	5
914	2
915	3
916	2
917	2
918	2
919	1
920	6
921	4
922	3
923	4
924	1
925	5
926	6
927	3
928	6
929	4
930	6
931	5
932	2
933	2
934	7
935	3
936	3
937	5
938	1
939	5
940	2
941	6
942	1
943	3
944	2
945	2
946	7
947	0
948	2
949	4
950	5
951	2
952	0
953	1
954	1
955	6
956	3
957	6
958	4
959	6
960	3
961	2
962	3
963	2
964	2
965	2
966	9
967	1
968	2
969	4
970	3
971	3
972	3
973	1
974	2
975	3
976	5
977	7
978	4
979	4
980	3
981	3
982	7
983	2
984	3
985	7
986	2
987	4
988	4
989	2
990	4
991	3
992	4
993	4
994	2
995	4
996	3
997	0
998	7
999	3
1000	5
1001	5
1002	3
1003	4
1004	8
1005	0
1006	1
1007	1
1008	4
1009	4
1010	3
1011	5
1012	4
1013	5
1014	4
1015	0
1016	6
1017	5
1018	3
1019	3
1020	7
1021	1
1022	3
1023	7
1024	1
1025	2
1026	1
1027	5
1028	8
1029	5
1030	7
1031	5
1032	6
1033	2
1034	5
1035	4
1036	5
1037	3
1038	2
1039	5
1040	6
1041	4
1042	7
1043	2
1044	5
1045	6
1046	1
1047	3
1048	3
1049	9
1050	3
1051	5
1052	4
1053	8
1054	6
1055	7
1056	2
1057	5
1058	3
1059	3
1060	3
1061	4
1062	7
1063	3
1064	6
1065	4
1066	5
1067	3
1068	6
1069	6
1070	5
1071	7
1072	4
1073	5
1074	4
1075	1
1076	5
1077	2
1078	5
1079	2
1080	4
1081	5
1082	2
1083	3
1084	7
1085	3
1086	6
1087	5
1088	5
1089	4
1090	2
1091	2
1092	5
1093	6
1094	10
1095	3
1096	2
1097	7
1098	1
1099	3
1100	8
1101	3
1102	2
1103	5
1104	4
1105	4
1106	5
1107	5
1108	7
1109	2
1110	3
1111	3
1112	5
1113	6
1114	0
1115	8
1116	2
1117	12
1118	3
1119	7
1120	1
1121	4
1122	6
1123	5
1124	4
1125	5
1126	4
1127	3
1128	5
1129	7
1130	4
1131	4
1132	10
1133	8
1134	7
1135	7
1136	2
1137	5
1138	6
1139	6
1140	1
1141	11
1142	7
1143	4
1144	6
1145	7
1146	9
1147	4
1148	4
1149	9
1150	11
1151	6
1152	1
1153	3
1154	5
1155	5
1156	2
1157	8
1158	10
1159	7
1160	5
1161	6
1162	5
1163	6
1164	5
1165	5
1166	4
1167	3
1168	5
1169	4
1170	5
1171	4
1172	4
1173	6
1174	12
1175	9
1176	5
1177	8
1178	4
1179	4
1180	7
1181	5
1182	7
1183	8
1184	4
1185	2
1186	11
1187	5
1188	6
1189	15
1190	5
1191	7
1192	6
1193	7
1194	4
1195	9
1196	4
1197	4
1198	4
1199	4
1200	8
1201	4
1202	6
1203	9
1204	10
1205	8
1206	5
1207	5
1208	6
1209	10
1210	8
1211	5
1212	3
1213	4
1214	12
1215	6
1216	4
1217	5
1218	6
1219	3
1220	6
1221	4
1222	10
1223	5
1224	8
1225	9
1226	5
1227	13
1228	6
1229	7
1230	5
1231	9
1232	3
1233	9
1234	4
1235	6
1236	6
1237	6
1238	9
1239	7
1240	4
1241	12
1242	4
1243	5
1244	7
1245	9
1246	10
1247	12
1248	5
1249	8
1250	5
1251	6
1252	5
1253	8
1254	7
1255	3
1256	9
1257	8
1258	10
1259	5
1260	7
1261	9
1262	11
1263	8
1264	4
1265	9
1266	8
1267	5
1268	10
1269	9
1270	12
1271	3
1272	2
1273	6
1274	4
1275	9
1276	6
1277	10
1278	6
1279	9
1280	3
1281	4
1282	4
1283	7
1284	13
1285	4
1286	5
1287	4
1288	7
1289	9
1290	4
1291	12
1292	13
1293	9
1294	6
1295	7
1296	5
1297	5
1298	7
1299	10
1300	8
1301	7
1302	8
1303	6
1304	9
1305	7
1306	7
1307	8
1308	7
1309	6
1310	7
1311	4
1312	4
1313	8
1314	5
1315	6
1316	7
1317	7
1318	10
1319	6
1320	5
1321	3
1322	7
1323	6
1324	11
1325	4
1326	3
1327	8
1328	8
1329	9
1330	6
1331	6
1332	9
1333	5
1334	11
1335	5
1336	8
1337	7
1338	4
1339	5
1340	11
1341	8
1342	17
1343	11
1344	2
1345	7
1346	10
1347	6
1348	3
1349	13
1350	7
1351	10
1352	9
1353	9
1354	10
1355	9
1356	10
1357	4
1358	7
1359	7
1360	8
1361	4
1362	8
1363	8
1364	9
1365	6
1366	10
1367	6
1368	13
1369	2
1370	5
1371	7
1372	7
1373	5
1374	7
1375	5
1376	4
1377	11
1378	3
1379	5
1380	6
1381	7
1382	11
1383	8
1384	10
1385	10
1386	7
1387	14
1388	6
1389	11
1390	7
1391	7
1392	7
1393	7
1394	3
1395	8
1396	10
1397	6
1398	9
1399	6
1400	5
1401	6
1402	14
1403	8
1404	3
1405	8
1406	15
1407	13
1408	10
1409	7
1410	13
1411	8
1412	12
1413	10
1414	5
1415	5
1416	14
1417	8
1418	8
1419	7
1420	9
1421	6
1422	8
1423	7
1424	6
1425	6
1426	9
1427	9
1428	4
1429	5
1430	10
1431	4
1432	7
1433	15
1434	9
1435	19
1436	9
1437	15
1438	9
1439	10
1440	5
1441	14
1442	4
1443	11
1444	10
1445	5
1446	8
1447	7
1448	7
1449	10
1450	7
1451	7
1452	14
1453	13
1454	9
1455	10
1456	7
1457	7
1458	8
1459	12
1460	7
1461	3
1462	11
1463	8
1464	9
1465	16
1466	8
1467	11
1468	9
1469	10
1470	8
1471	10
1472	2
1473	12
1474	12
1475	2
1476	13
1477	5
1478	9
1479	6
1480	11
1481	10
1482	7
1483	9
1484	12
1485	6
1486	10
1487	6
1488	11
1489	3
1490	6
1491	11
1492	9
1493	6
1494	10
1495	9
1496	9
1497	20
1498	6
1499	7
1500	16
1501	11
1502	5
1503	7
1504	6
1505	5
1506	14
1507	12
1508	14
1509	7
1510	11
1511	5
1512	12
1513	8
1514	14
1515	7
1516	4
1517	12
1518	7
1519	12
1520	8
1521	14
1522	11
1523	14
1524	9
1525	6
1526	18
1527	10
1528	11
1529	11
1530	6
1531	12
1532	12
1533	7
1534	13
1535	16
1536	6
1537	6
1538	13
1539	10
1540	11
1541	13
1542	5
1543	13
1544	3
1545	15
1546	13
1547	12
1548	9
1549	15
1550	8
1551	7
1552	5
1553	14
1554	12
1555	9
1556	11
1557	6
1558	9
1559	8
1560	8
1561	8
1562	13
1563	16
1564	8
1565	14
1566	9
1567	13
1568	9
1569	16
1570	8
1571	5
1572	16
1573	10
1574	11
1575	9
1576	4
1577	9
1578	6
1579	15
1580	15
1581	11
1582	11
1583	10
1584	4
1585	9
1586	5
1587	7
1588	16
1589	8
1590	13
1591	13
1592	8
1593	9
1594	5
1595	9
1596	12
1597	7
1598	14
1599	12
1600	7
1601	6
1602	14
1603	13
1604	13
1605	14
1606	9
1607	10
1608	17
1609	16
1610	11
1611	15
1612	9
1613	8
1614	13
1615	10
1616	12
1617	6
1618	11
1619	9
1620	16
1621	10
1622	18
1623	5
1624	8
1625	11
1626	12
1627	11
1628	15
1629	7
1630	11
1631	7
1632	9
1633	11
1634	15
1635	14
1636	11
1637	13
1638	14
1639	14
1640	10
1641	10
1642	6
1643	12
1644	8
1645	11
1646	11
1647	17
1648	7
1649	8
1650	11
1651	11
1652	11
1653	11
1654	19
1655	13
1656	14
1657	12
1658	7
1659	15
1660	17
1661	7
1662	16
1663	17
1664	5
1665	12
1666	11
1667	12
1668	15
1669	6
1670	12
1671	7
1672	7
1673	13
1674	14
1675	12
1676	15
1677	19
1678	17
1679	7
1680	14
1681	17
1682	15
1683	14
1684	13
1685	9
1686	10
1687	8
1688	5
1689	15
1690	11
1691	9
1692	14
1693	8
1694	17
1695	16
1696	10
1697	11
1698	16
1699	12
1700	12
1701	6
1702	23
1703	10
1704	10
1705	18
1706	13
1707	10
1708	16
1709	20
1710	16
1711	9
1712	7
1713	6
1714	14
1715	23
1716	12
1717	15
1718	24
1719	15
1720	7
1721	18
1722	13
1723	12
1724	13
1725	11
1726	15
1727	13
1728	12
1729	9
1730	18
1731	15
1732	20
1733	15
1734	15
1735	6
1736	18
1737	17
1738	13
1739	16
1740	17
1741	11
1742	19
1743	18
1744	14
1745	10
1746	16
1747	17
1748	9
1749	17
1750	27
1751	8
1752	16
1753	17
1754	19
1755	13
1756	25
1757	11
1758	23
1759	24
1760	16
1761	17
1762	21
1763	13
1764	19
1765	17
1766	19
1767	12
1768	19
1769	25
1770	18
1771	22
1772	23
1773	19
1774	14
1775	22
1776	17
1777	20
1778	26
1779	22
1780	25
1781	15
1782	39
1783	17
1784	15
1785	32
1786	26
1787	21
1788	21
1789	29
1790	33
1791	37
1792	17
1793	23
1794	30
1795	35
1796	41
1797	32
1798	32
1799	24
1800	37
1801	36
1802	28
1803	32
1804	44
1805	38
1806	33
1807	25
1808	37
1809	42
1810	35
1811	47
1812	58
1813	30
1814	42
1815	30
1816	34
1817	55
1818	34
1819	56
1820	59
1821	48
1822	43
1823	55
1824	66
1825	37
1826	66
1827	44
1828	65
1829	40
1830	48
1831	54
1832	44
1833	73
1834	59
1835	55
1836	66
1837	43
1838	74
1839	48
1840	62
1841	58
1842	61
1843	65
1844	69
1845	44
1846	61
1847	43
1848	49
1849	55
1850	64
1851	61
1852	66
1853	52
1854	65
1855	76
1856	43
1857	55
1858	61
1859	64
1860	76
1861	43
1862	60
1863	45
1864	60
1865	68
1866	45
1867	51
1868	72
1869	58
1870	59
1871	57
1872	46
1873	51
1874	69
1875	57
1876	59
1877	49
1878	62
1879	32
1880	54
1881	51
1882	48
1883	42
1884	48
1885	44
1886	35
1887	45
1888	47
1889	27
1890	38
1891	41
1892	47
1893	37
1894	47
1895	30
1896	23
1897	44
1898	28
1899	32
1900	43
1901	28
1902	41
1903	19
1904	30
1905	27
1906	31
1907	40
1908	37
1909	18
1910	29
1911	20
1912	24
1913	20
1914	18
1915	23
1916	29
1917	19
1918	23
1919	23
1920	25
1921	25
1922	24
1923	14
1924	22
1925	15
1926	26
1927	13
1928	25
1929	29
1930	23
1931	16
1932	22
1933	25
1934	25
1935	14
1936	16
1937	22
1938	19
1939	23
1940	11
1941	16
1942	21
1943	9
1944	25
1945	21
1946	12
1947	17
1948	13
1949	29
1950	8
1951	28
1952	11
1953	23
1954	15
1955	19
1956	25
1957	14
1958	19
1959	13
1960	22
1961	19
1962	15
1963	31
1964	30
1965	20
1966	13
1967	12
1968	22
1969	21
1970	17
1971	31
1972	25
1973	16
1974	29
1975	11
1976	13
1977	28
1978	17
1979	19
1980	23
1981	20
1982	22
1983	16
1984	26
1985	19
1986	13
1987	20
1988	20
1989	12
1990	20
1991	16
1992	20
1993	25
1994	12
1995	21
1996	15
1997	20
1998	18
1999	13
2000	17
2001	18
2002	24
2003	16
2004	22
2005	11
2006	18
2007	11
2008	24
2009	18
2010	12
2011	18
2012	22
2013	14
2014	17
2015	13
2016	13
2017	20
2018	19
2019	13
2020	27
2021	15
2022	16
2023	14
2024	18
2025	13
2026	11
2027	14
2028	16
2029	12
2030	18
2031	9
2032	21
2033	13
2034	10
2035	19
2036	12
2037	15
2038	21
2039	14
2040	17
2041	20
2042	16
2043	15
2044	12
2045	13
2046	11
2047	23
2048	12
2049	19
2050	15
2051	14
2052	22
2053	17
2054	20
2055	16
2056	16
2057	16
2058	18
2059	17
2060	24
2061	12
2062	17
2063	18
2064	21
2065	18
2066	20
2067	29
2068	19
2069	22
2070	21
2071	20
2072	20
2073	20
2074	19
2075	23
2076	20
2077	13
2078	21
2079	18
2080	17
2081	17
2082	21
2083	21
2084	11
2085	11
2086	24
2087	21
2088	15
2089	13
2090	18
2091	22
2092	21
2093	19
2094	18
2095	19
2096	19
2097	15
2098	13
2099	31
2100	17
2101	17
2102	25
2103	19
2104	10
2105	24
2106	11
2107	15
2108	13
2109	21
2110	20
2111	22
2112	14
2113	16
2114	20
2115	16
2116	18
2117	12
2118	20
2119	18
2120	11
2121	11
2122	12
2123	23
2124	17
2125	21
2126	15
2127	18
2128	10
2129	22
2130	19
2131	13
2132	7
2133	19
2134	16
2135	11
2136	13
2137	18
2138	11
2139	13
2140	12
2141	12
2142	10
2143	16
2144	11
2145	11
2146	18
2147	14
2148	10
2149	8
2150	17
2151	14
2152	9
2153	16
2154	8
2155	5
2156	20
2157	12
2158	12
2159	14
2160	3
2161	12
2162	14
2163	6
2164	8
2165	6
2166	13
2167	12
2168	10
2169	11
2170	13
2171	12
2172	9
2173	4
2174	3
2175	9
2176	7
2177	6
2178	7
2179	14
2180	4
2181	2
2182	14
2183	9
2184	9
2185	10
2186	5
2187	11
2188	14
2189	4
2190	9
2191	9
2192	6
2193	8
2194	14
2195	15
2196	8
2197	4
2198	10
2199	6
2200	7
2201	13
2202	4
2203	17
2204	7
2205	12
2206	9
2207	9
2208	6
2209	10
2210	7
2211	9
2212	14
2213	4
2214	18
2215	10
2216	8
2217	13
2218	10
2219	12
2220	5
2221	10
2222	9
2223	5
2224	9
2225	7
2226	9
2227	13
2228	5
2229	9
2230	12
2231	7
2232	9
2233	9
2234	5
2235	10
2236	5
2237	14
2238	8
2239	8
2240	8
2241	6
2242	9
2243	11
2244	13
2245	8
2246	9
2247	9
2248	16
2249	9
2250	10
2251	5
2252	8
2253	6
2254	3
2255	8
2256	9
2257	13
2258	9
2259	16
2260	4
2261	6
2262	10
2263	7
2264	12
2265	9
2266	6
2267	4
2268	15
2269	4
2270	9
2271	12
2272	11
2273	5
2274	7
2275	6
2276	18
2277	6
2278	10
2279	6
2280	8
2281	11
2282	6
2283	6
2284	10
2285	5
2286	10
2287	9
2288	7
2289	4
2290	9
2291	6
2292	6
2293	7
2294	10
2295	8
2296	5
2297	10
2298	8
2299	16
2300	15
2301	9
2302	6
2303	11
2304	5
2305	10
2306	7
2307	7
2308	5
2309	3
2310	7
2311	6
2312	6
2313	5
2314	11
2315	9
2316	10
2317	10
2318	7
2319	3
2320	8
2321	8
2322	4
2323	11
2324	6
2325	9
2326	10
2327	6
2328	8
2329	13
2330	4
2331	6
2332	8
2333	6
2334	6
2335	8
2336	6
2337	8
2338	9
2339	12
2340	9
2341	5
2342	9
2343	9
2344	6
2345	11
2346	6
2347	8
2348	10
2349	4
2350	3
2351	7
2352	5
2353	7
2354	7
2355	10
2356	13
2357	1
2358	8
2359	10
2360	5
2361	8
2362	3
2363	10
2364	6
2365	7
2366	8
2367	9
2368	5
2369	10
2370	11
2371	4
2372	9
2373	8
2374	8
2375	7
2376	4
2377	10
2378	5
2379	5
2380	8
2381	5
2382	7
2383	10
2384	4
2385	6
2386	5
2387	12
2388	10
2389	7
2390	12
2391	4
2392	11
2393	9
2394	3
2395	9
2396	6
2397	9
2398	5
2399	6
2400	9
2401	6
2402	9
2403	3
2404	11
2405	5
2406	5
2407	5
2408	8
2409	13
2410	8
2411	7
2412	6
2413	7
2414	10
2415	3
2416	8
2417	2
2418	8
2419	10
2420	6
2421	7
2422	10
2423	6
2424	7
2425	10
2426	8
2427	10
2428	5
2429	9
2430	2
2431	4
2432	10
2433	8
2434	7
2435	3
2436	4
2437	3
2438	9
2439	4
2440	5
2441	15
2442	4
2443	9
2444	6
2445	8
2446	6
2447	4
2448	13
2449	6
2450	6
2451	6
2452	10
2453	3
2454	8
2455	5
2456	10
2457	8
2458	7
2459	13
2460	2
2461	10
2462	6
2463	3
2464	7
2465	4
2466	6
2467	6
2468	10
2469	6
2470	2
2471	5
2472	11
2473	6
2474	11
2475	12
2476	12
2477	5
2478	7
2479	6
2480	5
2481	6
2482	7
2483	13
2484	8
2485	3
2486	8
2487	13
2488	6
2489	9
2490	3
2491	11
2492	7
2493	7
2494	6
2495	6
2496	3
2497	9
2498	4
2499	10
2500	10
2501	6
2502	11
2503	6
2504	10
2505	3
2506	6
2507	7
2508	8
2509	6
2510	5
2511	4
2512	10
2513	16
2514	6
2515	5
2516	7
2517	10
2518	8
2519	3
2520	7
2521	11
2522	5
2523	12
2524	11
2525	10
2526	9
2527	6
2528	7
2529	14
2530	11
2531	6
2532	15
2533	9
2534	11
2535	3
2536	9
2537	10
2538	8
2539	8
2540	9
2541	8
2542	15
2543	3
2544	7
2545	18
2546	12
2547	6
2548	9
2549	3
2550	13
2551	8
2552	12
2553	11
2554	11
2555	8
2556	10
2557	11
2558	8
2559	18
2560	7
2561	7
2562	18
2563	14
2564	15
2565	7
2566	10
2567	9
2568	6
2569	12
2570	5
2571	10
2572	5
2573	9
2574	11
2575	6
2576	5
2577	9
2578	14
2579	14
2580	10
2581	6
2582	9
2583	2
2584	6
2585	9
2586	10
2587	13
2588	8
2589	9
2590	6
2591	6
2592	2
2593	13
2594	1
2595	5
2596	7
2597	6
2598	9
2599	4
2600	2
2601	6
2602	12
2603	6
2604	6
2605	6
2606	7
2607	6
2608	8
2609	8
2610	4
2611	14
2612	6
2613	7
2614	10
2615	6
2616	5
2617	4
2618	3
2619	7
2620	9
2621	13
2622	12
2623	5
2624	11
2625	3
2626	5
2627	6
2628	7
2629	5
2630	8
2631	5
2632	5
2633	6
2634	5
2635	4
2636	8
2637	6
2638	5
2639	5
2640	4
2641	8
2642	3
2643	6
2644	8
2645	7
2646	10
2647	4
2648	9
2649	9
2650	4
2651	4
2652	11
2653	4
2654	10
2655	3
2656	8
2657	5
2658	7
2659	8
2660	9
2661	5
2662	11
2663	2
2664	7
2665	9
2666	3
2667	9
2668	4
2669	10
2670	8
2671	5
2672	4
2673	3
2674	6
2675	4
2676	6
2677	3
2678	2
2679	6
2680	4
2681	7
2682	9
2683	5
2684	3
2685	2
2686	7
2687	5
2688	6
2689	7
2690	3
2691	6
2692	5
2693	7
2694	6
2695	6
2696	6
2697	3
2698	3
2699	6
2700	4
2701	4
2702	10
2703	3
2704	4
2705	4
2706	5
2707	6
2708	9
2709	2
2710	9
2711	2
2712	8
2713	9
2714	6
2715	8
2716	10
2717	7
2718	6
2719	6
2720	5
2721	5
2722	1
2723	6
2724	9
2725	4
2726	7
2727	2
2728	6
2729	8
2730	5
2731	8
2732	8
2733	9
2734	8
2735	6
2736	5
2737	9
2738	3
2739	3
2740	8
2741	6
2742	7
2743	2
2744	8
2745	7
2746	5
2747	10
2748	6
2749	3
2750	12
2751	2
2752	7
2753	6
2754	5
2755	3
2756	11
2757	5
2758	5
2759	2
2760	5
2761	6
2762	6
2763	5
2764	5
2765	2
2766	7
2767	7
2768	14
2769	4
2770	4
2771	6
2772	5
2773	7
2774	3
2775	4
2776	8
2777	5
2778	5
2779	4
2780	3
2781	3
2782	4
2783	9
2784	2
2785	2
2786	3
2787	1
2788	7
2789	3
2790	8
2791	5
2792	4
2793	7
2794	2
2795	4
2796	5
2797	1
2798	4
2799	11
2800	5
2801	9
2802	5
2803	5
2804	5
2805	7
2806	4
2807	4
2808	5
2809	9
2810	3
2811	6
2812	8
2813	8
2814	3
2815	3
2816	6
2817	7
2818	5
2819	7
2820	6
2821	8
2822	6
2823	4
2824	3
2825	9
2826	2
2827	4
2828	10
2829	8
2830	4
2831	3
2832	4
2833	5
2834	7
2835	3
2836	4
2837	5
2838	4
2839	5
2840	11
2841	6
2842	1
2843	8
2844	2
2845	8
2846	6
2847	8
2848	6
2849	3
2850	2
2851	10
2852	6
2853	4
2854	6
2855	1
2856	6
2857	7
2858	2
2859	4
2860	4
2861	5
2862	4
2863	2
2864	6
2865	4
2866	6
2867	0
2868	5
2869	1
2870	4
2871	7
2872	7
2873	9
2874	5
2875	8
2876	2
2877	5
2878	7
2879	0
2880	11
2881	4
2882	6
2883	5
2884	4
2885	4
2886	4
2887	4
2888	10
2889	5
2890	2
2891	1
2892	11
2893	2
2894	7
2895	2
2896	3
2897	6
2898	5
2899	7
2900	7
2901	4
2902	4
2903	2
2904	11
2905	12
2906	4
2907	7
2908	4
2909	7
2910	6
2911	4
2912	6
2913	4
2914	6
2915	2
2916	8
2917	5
2918	11
2919	5
2920	5
2921	7
2922	3
2923	7
2924	3
2925	4
2926	6
2927	3
2928	2
2929	5
2930	1
2931	2
2932	3
2933	5
2934	5
2935	4
2936	3
2937	6
2938	3
2939	5
2940	7
2941	6
2942	0
2943	1
2944	7
2945	9
2946	5
2947	5
2948	9
2949	1
2950	9
2951	5
2952	8
2953	2
2954	6
2955	5
2956	7
2957	6
2958	3
2959	1
2960	9
2961	4
2962	5
2963	9
2964	3
2965	5
2966	4
2967	6
2968	2
2969	9
2970	3
2971	9
2972	4
2973	3
2974	3
2975	5
2976	3
2977	5
2978	3
2979	4
2980	7
2981	3
2982	3
2983	4
2984	4
2985	6
2986	6
2987	7
2988	5
2989	10
2990	5
2991	2
2992	3
2993	3
2994	6
2995	6
2996	7
2997	3
2998	3
2999	2
3000	2
3001	6
3002	4
3003	6
3004	2
3005	4
3006	5
3007	2
3008	4
3009	4
3010	5
3011	1
3012	6
3013	4
3014	7
3015	3
3016	4
3017	6
3018	3
3019	2
3020	8
3021	6
3022	3
3023	4
3024	1
3025	4
3026	4
3027	7
3028	4
3029	3
3030	5
3031	5
3032	1
3033	5
3034	4
3035	2
3036	5
3037	4
3038	8
3039	5
3040	1
3041	3
3042	1
3043	6
3044	6
3045	2
3046	5
3047	4
3048	4
3049	5
3050	0
3051	7
3052	6
3053	6
3054	2
3055	4
3056	3
3057	4
3058	3
3059	4
3060	0
3061	2
3062	6
3063	3
3064	4
3065	3
3066	3
3067	4
3068	1
3069	2
3070	5
3071	1
3072	6
3073	2
3074	4
3075	3
3076	4
3077	6
3078	6
3079	1
3080	5
3081	4
3082	5
3083	2
3084	7
3085	5
3086	0
3087	8
3088	1
3089	1
3090	5
3091	4
3092	8
3093	3
3094	5
3095	3
3096	4
3097	3
3098	2
3099	3
3100	5
3101	3
3102	3
3103	2
3104	1
3105	1
3106	4
3107	4
3108	5
3109	3
3110	5
3111	4
3112	0
3113	6
3114	5
3115	2
3116	6
3117	5
3118	2
3119	3
3120	5
3121	2
3122	4
3123	1
3124	4
3125	0
3126	3
3127	5
3128	1
3129	4
3130	2
3131	5
3132	4
3133	4
3134	1
3135	2
3136	0
3137	1
3138	5
3139	3
3140	3
3141	6
3142	2
3143	3
3144	4
3145	4
3146	2
3147	2
3148	3
3149	2
3150	2
3151	3
3152	2
3153	3
3154	2
3155	6
3156	0
3157	0
3158	5
3159	1
3160	7
3161	4
3162	2
3163	5
3164	6
3165	4
3166	6
3167	2
3168	2
3169	4
3170	4
3171	3
3172	6
3173	1
3174	3
3175	4
3176	3
3177	4
3178	4
3179	1
3180	2
3181	3
3182	3
3183	4
3184	3
3185	0
3186	1
3187	5
3188	4
3189	2
3190	6
3191	1
3192	1
3193	3
3194	5
3195	3
3196	4
3197	8
3198	0
3199	1
3200	4
3201	5
3202	4
3203	2
3204	5
3205	2
3206	3
3207	4
3208	3
3209	3
3210	0
3211	3
3212	2
3213	3
3214	3
3215	1
3216	1
3217	4
3218	1
3219	4
3220	0
3221	1
3222	5
3223	1
3224	2
3225	3
3226	1
3227	0
3228	2
3229	3
3230	5
3231	4
3232	4
3233	1
3234	0
3235	3
3236	3
3237	3
3238	4
3239	2
3240	1
3241	3
3242	2
3243	2
3244	4
3245	2
3246	4
3247	0
3248	5
3249	2
3250	2
3251	2
3252	3
3253	1
3254	7
3255	4
3256	2
3257	2
3258	2
3259	3
3260	3
3261	3
3262	3
3263	2
3264	1
3265	4
3266	4
3267	3
3268	4
3269	0
3270	7
3271	1
3272	0
3273	1
3274	1
3275	3
3276	5
3277	3
3278	4
3279	2
3280	0
3281	2
3282	2
3283	6
3284	2
3285	4
3286	3
3287	2
3288	2
3289	2
3290	3
3291	2
3292	3
3293	1
3294	3
3295	3
3296	1
3297	1
3298	1
3299	3
3300	4
3301	1
3302	1
3303	1
3304	3
3305	0
3306	0
3307	3
3308	2
3309	2
3310	3
3311	3
3312	1
3313	4
3314	1
3315	3
3316	2
3317	0
3318	2
3319	4
3320	2
3321	2
3322	4
3323	3
3324	6
3325	4
3326	2
3327	0
3328	0
3329	1
3330	2
3331	4
3332	6
3333	2
3334	1
3335	2
3336	2
3337	5
3338	1
3339	0
3340	3
3341	0
3342	3
3343	2
3344	4
3345	1
3346	2
3347	1
3348	1
3349	1
3350	2
3351	0
3352	2
3353	1
3354	2
3355	1
3356	1
3357	1
3358	1
3359	2
3360	4
3361	0
3362	1
3363	0
3364	0
3365	1
3366	3
3367	0
3368	1
3369	6
3370	1
3371	2
3372	3
3373	5
3374	0
3375	1
3376	0
3377	0
3378	2
3379	6
3380	1
3381	3
3382	0
3383	1
3384	0
3385	2
3386	0
3387	6
3388	4
3389	0
3390	2
3391	1
3392	4
3393	2
3394	1
3395	0
3396	1
3397	2
3398	3
3399	1
3400	3
3401	3
3402	0
3403	4
3404	1
3405	4
3406	2
3407	1
3408	1
3409	2
3410	1
3411	4
3412	1
3413	2
3414	2
3415	1
3416	4
3417	3
3418	1
3419	2
3420	4
3421	3
3422	0
3423	1
3424	2
3425	2
3426	0
3427	1
3428	3
3429	0
3430	2
3431	2
3432	3
3433	1
3434	1
3435	1
3436	0
3437	0
3438	2
3439	1
3440	2
3441	0
3442	2
3443	0
3444	3
3445	0
3446	1
3447	1
3448	0
3449	1
3450	2
3451	0
3452	0
3453	0
3454	1
3455	0
3456	2
3457	0
3458	2
3459	2
3460	1
3461	1
3462	1
3463	0
3464	0
3465	0
3466	0
3467	2
3468	1
3469	0
3470	1
3471	0
3472	0
3473	0
3474	2
3475	1
3476	2
3477	2
3478	1
3479	0
3480	0
3481	0
3482	3
3483	2
3484	3
3485	1
3486	1
3487	2
3488	2
3489	1
3490	1
3491	0
3492	1
3493	0
3494	2
3495	0
3496	0
3497	2
3498	2
3499	2
3500	3
3501	2
3502	0
3503	1
3504	0
3505	0
3506	1
3507	1
3508	2
3509	0
3510	2
3511	1
3512	1
3513	1
3514	2
3515	1
3516	2
3517	1
3518	1
3519	2
3520	1
3521	3
3522	0
3523	2
3524	0
3525	0
3526	1
3527	0
3528	0
3529	0
3530	0
3531	0
3532	1
3533	0
3534	1
3535	0
3536	0
3537	0
3538	0
3539	0
3540	0
3541	0
3542	3
3543	0
3544	0
3545	1
3546	2
3547	1
3548	1
3549	1
3550	2
3551	0
3552	0
3553	2
3554	1
3555	0
3556	1
3557	0
3558	2
3559	0
3560	0
3561	1
3562	0
3563	0
3564	1
3565	0
3566	0
3567	0
3568	0
3569	0
3570	0
3571	0
3572	0
3573	0
3574	0
3575	2
3576	1
3577	0
3578	0
3579	0
3580	0
3581	0
3582	0
3583	0
3584	1
3585	0
3586	0
3587	0
3588	0
3589	0
3590	2
3591	1
3592	0
3593	0
3594	1
3595	0
3596	1
3597	1
3598	0
3599	0
3600	0
3601	0
3602	0
3603	0
3604	1
3605	1
3606	2
3607	0
3608	0
3609	1
3610	1
3611	1
3612	1
3613	0
3614	0
3615	0
3616	0
3617	0
3618	1
3619	0
3620	0
3621	0
3622	1
3623	0
3624	1
3625	0
3626	0
3627	0
3628	0
3629	0
3630	1
3631	0
3632	0
3633	0
3634	0
3635	0
3636	0
3637	0
3638	1
3639	0
3640	0
3641	2
3642	0
3643	0
3644	0
3645	0
3646	0
3647	1
3648	0
3649	0
3650	0
3651	0
3652	1
3653	0
3654	0
3655	0
3656	0
3657	0
3658	0
3659	1
3660	0
3661	0
3662	1
3663	1
3664	0
3665	0
3666	0
3667	0
3668	0
3669	0
3670	2
3671	0
3672	0
3673	1
3674	0
3675	1
3676	0
3677	0
3678	0
3679	0
3680	0
3681	0
3682	0
3683	0
3684	0
3685	1
3686	0
3687	0
3688	0
3689	0
3690	1
3691	0
3692	0
3693	0
3694	0
3695	0
3696	0
3697	0
3698	0
3699	2
3700	1
3701	0
3702	0
3703	1
3704	0
3705	0
3706	0
3707	0
3708	0
3709	0
3710	0
3711	0
3712	0
3713	0
3714	0
3715	0
3716	0
3717	0
3718	0
3719	0
3720	0
3721	0
3722	0
3723	0
3724	0
3725	0
3726	0
3727	0
3728	0
3729	0
3730	0
3731	0
3732	0
3733	0
3734	0
3735	0
3736	0
3737	0
3738	0
3739	0
3740	0
3741	0
3742	0
3743	0
3744	0
3745	0
3746	0
3747	0
3748	1
3749	0
3750	0
3751	0
3752	0
3753	0
3754	0
3755	0
3756	0
3757	0
3758	0
3759	0
3760	0
3761	0
3762	0
3763	0
3764	0
3765	0
3766	0
3767	0
3768	0
3769	0
3770	0
3771	0
3772	0
3773	0
3774	0
3775	0
3776	0
3777	0
3778	0
3779	0
3780	0
3781	0
3782	0
3783	0
3784	1
3785	0
3786	0
3787	1
3788	0
3789	0
3790	0
3791	0
3792	0
3793	0
3794	0
3795	0
3796	0
3797	0
3798	0
3799	0
3800	0
3801	0
3802	0
3803	0
3804	0
3805	0
3806	0
3807	0
3808	0
3809	0
3810	0
3811	0
3812	0
3813	0
3814	0
3815	0
3816	0
3817	0
3818	0
3819	0
3820	1
3821	0
3822	0
3823	0
3824	0
3825	0
3826	0
3827	0
3828	0
3829	0
3830	0
3831	0
3832	0
3833	0
3834	0
3835	0
3836	0
3837	0
3838	0
3839	0
3840	0
3841	0
3842	0
3843	0
3844	0
3845	0
3846	0
3847	0
3848	0
3849	0
3850	0
3851	0
3852	0
3853	0
3854	0
3855	0
3856	0
3857	0
3858	0
3859	0
3860	0
3861	0
3862	0
3863	0
3864	0
3865	0
3866	0
3867	0
3868	0
3869	0
3870	0
3871	0
3872	0
3873	0
3874	0
3875	0
3876	0
3877	0
3878	0
3879	0
3880	0
3881	0
3882	0
3883	0
3884	0
3885	0
3886	0
3887	0
3888	0
3889	0
3890	0
3891	0
3892	0
3893	0
3894	0
3895	0
3896	0
3897	0
3898	0
3899	0
3900	0
3901	0
3902	0
3903	0
3904	0
3905	0
3906	0
3907	0
3908	0
3909	0
3910	0
3911	0
3912	0
3913	0
3914	0
3915	0
3916	0
3917	0
3918	0
3919	0
3920	0
3921	1
3922	0
3923	0
3924	0
3925	0
3926	0
3927	0
3928	0
3929	0
3930	0
3931	0
3932	0
3933	0
3934	0
3935	0
3936	0
3937	0
3938	0
3939	0
3940	0
3941	0
3942	0
3943	0
3944	0
3945	0
3946	0
3947	0
3948	0
3949	0
3950	1
3951	0
3952	0
3953	0
3954	0
3955	0
3956	0
3957	0
3958	0
3959	0
3960	0
3961	0
3962	0
3963	0
3964	0
3965	0
3966	0
3967	0
3968	0
3969	0
3970	0
3971	0
3972	0
3973	0
3974	0
3975	0
3976	0
3977	0
3978	0
3979	0
3980	0
3981	0
3982	0
3983	0
3984	0
3985	0
3986	0
3987	0
3988	0
3989	0
3990	0
3991	0
3992	0
3993	0
3994	0
3995	0
3996	0
3997	0
3998	0
3999	0
4000	0
