Channel number	Impulses
Channel/#	Impulses/#

0	0
1	0
2	0
3	0
4	0
5	0
6	0
7	0
8	0
9	0
10	0
11	0
12	0
13	0
14	0
15	0
16	0
17	0
18	0
19	0
20	0
21	0
22	0
23	0
24	0
25	0
26	0
27	0
28	0
29	0
30	0
31	0
32	0
33	0
34	0
35	0
36	0
37	0
38	0
39	0
40	0
41	0
42	0
43	0
44	0
45	0
46	0
47	0
48	0
49	0
50	0
51	1
52	0
53	0
54	2
55	1
56	0
57	2
58	6
59	6
60	8
61	5
62	3
63	14
64	2
65	12
66	7
67	7
68	9
69	7
70	11
71	6
72	8
73	9
74	4
75	8
76	6
77	6
78	5
79	6
80	4
81	9
82	8
83	12
84	10
85	8
86	7
87	6
88	7
89	7
90	3
91	4
92	7
93	7
94	8
95	11
96	4
97	12
98	9
99	8
100	6
101	6
102	9
103	10
104	2
105	2
106	9
107	8
108	7
109	9
110	9
111	6
112	5
113	6
114	13
115	9
116	8
117	4
118	6
119	8
120	3
121	8
122	7
123	5
124	9
125	6
126	8
127	12
128	1
129	7
130	4
131	7
132	3
133	1
134	14
135	2
136	10
137	9
138	5
139	8
140	5
141	4
142	6
143	11
144	5
145	1
146	10
147	5
148	6
149	9
150	6
151	2
152	7
153	1
154	7
155	3
156	2
157	7
158	10
159	5
160	7
161	5
162	7
163	5
164	10
165	6
166	3
167	7
168	8
169	5
170	3
171	3
172	2
173	5
174	3
175	8
176	5
177	2
178	6
179	3
180	5
181	7
182	3
183	1
184	2
185	8
186	5
187	7
188	3
189	6
190	2
191	10
192	6
193	12
194	6
195	6
196	6
197	5
198	0
199	3
200	3
201	1
202	3
203	2
204	5
205	5
206	6
207	7
208	3
209	7
210	3
211	7
212	5
213	2
214	6
215	5
216	4
217	8
218	4
219	1
220	9
221	2
222	8
223	4
224	1
225	4
226	5
227	6
228	6
229	6
230	6
231	1
232	2
233	6
234	6
235	7
236	8
237	7
238	3
239	4
240	5
241	6
242	4
243	7
244	4
245	2
246	3
247	6
248	5
249	5
250	1
251	4
252	2
253	4
254	7
255	7
256	0
257	2
258	8
259	5
260	5
261	2
262	3
263	1
264	3
265	3
266	5
267	7
268	7
269	2
270	4
271	3
272	1
273	3
274	3
275	3
276	4
277	4
278	4
279	3
280	5
281	2
282	4
283	5
284	5
285	6
286	2
287	4
288	2
289	8
290	4
291	4
292	4
293	1
294	4
295	3
296	5
297	4
298	4
299	4
300	6
301	6
302	4
303	3
304	2
305	2
306	2
307	0
308	5
309	4
310	4
311	4
312	1
313	4
314	3
315	1
316	3
317	1
318	2
319	1
320	2
321	3
322	8
323	2
324	2
325	4
326	3
327	2
328	4
329	1
330	2
331	3
332	2
333	2
334	4
335	1
336	4
337	2
338	3
339	2
340	2
341	3
342	4
343	0
344	1
345	1
346	5
347	1
348	8
349	5
350	5
351	5
352	3
353	2
354	2
355	2
356	3
357	2
358	1
359	1
360	3
361	3
362	2
363	0
364	2
365	3
366	7
367	2
368	2
369	3
370	1
371	2
372	3
373	1
374	2
375	3
376	2
377	6
378	4
379	3
380	5
381	1
382	3
383	3
384	0
385	2
386	5
387	4
388	4
389	1
390	2
391	0
392	0
393	2
394	2
395	2
396	1
397	5
398	4
399	4
400	1
401	1
402	3
403	6
404	2
405	1
406	2
407	7
408	5
409	1
410	2
411	2
412	3
413	0
414	2
415	5
416	1
417	1
418	8
419	2
420	2
421	2
422	3
423	2
424	11
425	1
426	2
427	3
428	2
429	2
430	2
431	3
432	6
433	2
434	4
435	6
436	6
437	1
438	2
439	1
440	4
441	3
442	3
443	2
444	7
445	4
446	3
447	7
448	0
449	1
450	2
451	1
452	3
453	3
454	11
455	7
456	3
457	2
458	0
459	3
460	2
461	0
462	1
463	3
464	2
465	2
466	2
467	4
468	0
469	2
470	5
471	1
472	5
473	0
474	2
475	5
476	0
477	4
478	4
479	3
480	4
481	2
482	1
483	2
484	2
485	3
486	2
487	5
488	2
489	2
490	3
491	8
492	3
493	1
494	7
495	3
496	2
497	1
498	5
499	3
500	3
501	0
502	1
503	0
504	1
505	2
506	2
507	0
508	6
509	2
510	6
511	2
512	0
513	2
514	2
515	3
516	8
517	3
518	6
519	2
520	2
521	4
522	1
523	4
524	2
525	3
526	0
527	2
528	5
529	2
530	3
531	4
532	4
533	4
534	5
535	3
536	0
537	4
538	1
539	4
540	3
541	2
542	2
543	3
544	5
545	2
546	2
547	1
548	2
549	3
550	1
551	1
552	4
553	2
554	5
555	2
556	1
557	3
558	1
559	2
560	0
561	4
562	1
563	3
564	1
565	5
566	3
567	1
568	0
569	1
570	6
571	5
572	1
573	1
574	5
575	1
576	1
577	3
578	2
579	2
580	4
581	3
582	1
583	3
584	3
585	1
586	2
587	2
588	0
589	3
590	2
591	3
592	1
593	3
594	4
595	5
596	1
597	0
598	2
599	1
600	5
601	2
602	3
603	3
604	1
605	1
606	2
607	1
608	2
609	4
610	0
611	3
612	5
613	1
614	5
615	2
616	1
617	2
618	5
619	1
620	4
621	5
622	2
623	1
624	1
625	2
626	2
627	2
628	5
629	2
630	1
631	2
632	4
633	3
634	0
635	1
636	3
637	2
638	1
639	1
640	1
641	1
642	3
643	0
644	1
645	4
646	1
647	2
648	2
649	2
650	3
651	2
652	4
653	1
654	6
655	5
656	1
657	1
658	1
659	0
660	1
661	5
662	1
663	2
664	1
665	3
666	2
667	2
668	1
669	3
670	2
671	1
672	1
673	2
674	4
675	1
676	6
677	3
678	2
679	6
680	2
681	1
682	5
683	1
684	4
685	1
686	2
687	1
688	1
689	0
690	1
691	0
692	1
693	4
694	3
695	1
696	3
697	3
698	4
699	3
700	1
701	1
702	3
703	6
704	1
705	0
706	1
707	2
708	4
709	4
710	3
711	1
712	4
713	1
714	2
715	0
716	2
717	1
718	2
719	1
720	2
721	3
722	6
723	5
724	2
725	0
726	3
727	0
728	3
729	1
730	2
731	3
732	1
733	1
734	4
735	6
736	2
737	5
738	6
739	1
740	5
741	1
742	5
743	6
744	3
745	4
746	4
747	4
748	4
749	5
750	1
751	4
752	2
753	3
754	4
755	5
756	5
757	4
758	10
759	3
760	2
761	2
762	5
763	2
764	8
765	2
766	2
767	4
768	1
769	2
770	4
771	3
772	6
773	2
774	7
775	2
776	1
777	4
778	3
779	3
780	4
781	1
782	7
783	1
784	1
785	4
786	3
787	2
788	3
789	4
790	2
791	3
792	1
793	2
794	2
795	1
796	6
797	5
798	7
799	1
800	1
801	0
802	6
803	3
804	1
805	2
806	7
807	5
808	4
809	1
810	3
811	5
812	9
813	7
814	3
815	6
816	5
817	9
818	6
819	4
820	9
821	6
822	4
823	4
824	6
825	8
826	7
827	6
828	6
829	3
830	5
831	3
832	2
833	5
834	3
835	3
836	5
837	4
838	5
839	5
840	8
841	5
842	4
843	3
844	3
845	7
846	4
847	3
848	3
849	4
850	5
851	3
852	8
853	6
854	10
855	2
856	5
857	3
858	1
859	6
860	3
861	3
862	3
863	4
864	6
865	6
866	6
867	4
868	2
869	3
870	5
871	4
872	2
873	9
874	3
875	4
876	3
877	4
878	1
879	2
880	2
881	1
882	1
883	6
884	1
885	2
886	5
887	1
888	2
889	3
890	4
891	0
892	1
893	2
894	1
895	2
896	2
897	1
898	2
899	1
900	2
901	6
902	4
903	2
904	2
905	2
906	2
907	0
908	5
909	0
910	1
911	3
912	4
913	1
914	1
915	1
916	2
917	2
918	2
919	1
920	3
921	2
922	2
923	1
924	0
925	1
926	1
927	0
928	4
929	3
930	2
931	4
932	2
933	3
934	4
935	0
936	3
937	2
938	3
939	0
940	3
941	0
942	2
943	6
944	3
945	2
946	1
947	4
948	2
949	3
950	6
951	1
952	1
953	2
954	4
955	2
956	1
957	1
958	1
959	2
960	2
961	1
962	2
963	2
964	1
965	2
966	2
967	0
968	2
969	4
970	1
971	2
972	4
973	3
974	1
975	2
976	1
977	1
978	1
979	1
980	3
981	2
982	2
983	0
984	2
985	5
986	0
987	0
988	1
989	3
990	1
991	1
992	1
993	2
994	3
995	0
996	3
997	1
998	0
999	1
1000	2
1001	3
1002	2
1003	0
1004	2
1005	3
1006	1
1007	1
1008	4
1009	3
1010	0
1011	7
1012	1
1013	2
1014	8
1015	0
1016	4
1017	0
1018	7
1019	2
1020	4
1021	3
1022	3
1023	7
1024	1
1025	1
1026	2
1027	2
1028	5
1029	2
1030	2
1031	3
1032	1
1033	3
1034	3
1035	5
1036	3
1037	1
1038	4
1039	6
1040	3
1041	3
1042	3
1043	4
1044	4
1045	1
1046	3
1047	4
1048	5
1049	2
1050	5
1051	6
1052	4
1053	2
1054	4
1055	3
1056	6
1057	5
1058	3
1059	1
1060	2
1061	3
1062	2
1063	1
1064	5
1065	1
1066	5
1067	0
1068	3
1069	2
1070	2
1071	3
1072	2
1073	3
1074	3
1075	6
1076	2
1077	4
1078	3
1079	6
1080	3
1081	4
1082	2
1083	3
1084	5
1085	2
1086	0
1087	3
1088	2
1089	2
1090	1
1091	0
1092	5
1093	1
1094	2
1095	3
1096	4
1097	5
1098	1
1099	0
1100	4
1101	1
1102	4
1103	3
1104	3
1105	3
1106	1
1107	3
1108	2
1109	3
1110	3
1111	5
1112	1
1113	3
1114	1
1115	2
1116	5
1117	4
1118	0
1119	4
1120	3
1121	3
1122	1
1123	4
1124	2
1125	4
1126	0
1127	6
1128	1
1129	2
1130	4
1131	1
1132	1
1133	1
1134	4
1135	5
1136	1
1137	1
1138	2
1139	1
1140	2
1141	2
1142	3
1143	1
1144	2
1145	5
1146	4
1147	3
1148	4
1149	3
1150	3
1151	5
1152	0
1153	1
1154	2
1155	4
1156	7
1157	2
1158	4
1159	3
1160	2
1161	2
1162	0
1163	4
1164	2
1165	3
1166	7
1167	2
1168	3
1169	3
1170	4
1171	5
1172	3
1173	3
1174	4
1175	0
1176	5
1177	4
1178	0
1179	2
1180	1
1181	2
1182	3
1183	2
1184	0
1185	3
1186	4
1187	0
1188	3
1189	4
1190	6
1191	7
1192	4
1193	4
1194	1
1195	5
1196	3
1197	4
1198	2
1199	5
1200	5
1201	5
1202	5
1203	4
1204	5
1205	2
1206	5
1207	5
1208	2
1209	4
1210	3
1211	8
1212	5
1213	4
1214	3
1215	7
1216	0
1217	3
1218	4
1219	4
1220	6
1221	0
1222	6
1223	4
1224	4
1225	6
1226	2
1227	6
1228	3
1229	3
1230	4
1231	5
1232	6
1233	3
1234	8
1235	9
1236	6
1237	5
1238	3
1239	0
1240	4
1241	7
1242	7
1243	2
1244	7
1245	4
1246	3
1247	9
1248	4
1249	8
1250	6
1251	4
1252	5
1253	6
1254	8
1255	7
1256	4
1257	3
1258	6
1259	6
1260	5
1261	4
1262	6
1263	4
1264	3
1265	7
1266	7
1267	5
1268	7
1269	1
1270	5
1271	4
1272	5
1273	4
1274	4
1275	8
1276	10
1277	6
1278	4
1279	16
1280	2
1281	8
1282	5
1283	4
1284	6
1285	5
1286	2
1287	2
1288	5
1289	5
1290	3
1291	7
1292	7
1293	8
1294	12
1295	5
1296	7
1297	9
1298	6
1299	1
1300	7
1301	4
1302	9
1303	7
1304	5
1305	2
1306	3
1307	6
1308	7
1309	6
1310	6
1311	3
1312	6
1313	6
1314	9
1315	4
1316	5
1317	8
1318	6
1319	3
1320	3
1321	3
1322	3
1323	5
1324	5
1325	3
1326	6
1327	7
1328	8
1329	0
1330	5
1331	7
1332	5
1333	6
1334	3
1335	4
1336	7
1337	7
1338	8
1339	5
1340	9
1341	6
1342	5
1343	5
1344	1
1345	3
1346	5
1347	4
1348	13
1349	7
1350	11
1351	6
1352	8
1353	12
1354	6
1355	6
1356	6
1357	7
1358	4
1359	6
1360	3
1361	8
1362	5
1363	6
1364	5
1365	2
1366	8
1367	2
1368	6
1369	9
1370	5
1371	2
1372	9
1373	7
1374	7
1375	13
1376	5
1377	5
1378	8
1379	6
1380	8
1381	5
1382	10
1383	6
1384	4
1385	8
1386	5
1387	4
1388	5
1389	7
1390	4
1391	8
1392	10
1393	7
1394	12
1395	6
1396	8
1397	5
1398	6
1399	7
1400	5
1401	10
1402	6
1403	8
1404	10
1405	5
1406	6
1407	10
1408	6
1409	7
1410	10
1411	5
1412	12
1413	7
1414	11
1415	1
1416	12
1417	10
1418	5
1419	4
1420	5
1421	7
1422	10
1423	6
1424	8
1425	8
1426	7
1427	7
1428	4
1429	6
1430	10
1431	2
1432	4
1433	15
1434	7
1435	13
1436	6
1437	7
1438	8
1439	10
1440	8
1441	7
1442	12
1443	5
1444	9
1445	4
1446	6
1447	2
1448	11
1449	12
1450	7
1451	8
1452	5
1453	8
1454	8
1455	6
1456	5
1457	15
1458	11
1459	7
1460	8
1461	14
1462	13
1463	6
1464	6
1465	6
1466	10
1467	4
1468	10
1469	14
1470	10
1471	11
1472	2
1473	11
1474	7
1475	7
1476	18
1477	7
1478	8
1479	4
1480	14
1481	14
1482	3
1483	9
1484	14
1485	10
1486	7
1487	3
1488	9
1489	7
1490	18
1491	10
1492	6
1493	6
1494	10
1495	4
1496	8
1497	13
1498	4
1499	7
1500	12
1501	9
1502	13
1503	11
1504	13
1505	7
1506	8
1507	9
1508	15
1509	5
1510	7
1511	9
1512	13
1513	18
1514	9
1515	16
1516	8
1517	13
1518	9
1519	8
1520	7
1521	4
1522	16
1523	9
1524	11
1525	9
1526	12
1527	6
1528	13
1529	5
1530	10
1531	9
1532	13
1533	4
1534	9
1535	9
1536	7
1537	15
1538	9
1539	6
1540	13
1541	5
1542	7
1543	8
1544	3
1545	15
1546	11
1547	9
1548	13
1549	14
1550	13
1551	5
1552	7
1553	9
1554	8
1555	9
1556	11
1557	10
1558	15
1559	11
1560	12
1561	11
1562	7
1563	10
1564	11
1565	8
1566	6
1567	13
1568	10
1569	12
1570	11
1571	12
1572	9
1573	15
1574	13
1575	6
1576	8
1577	9
1578	7
1579	12
1580	15
1581	7
1582	10
1583	9
1584	6
1585	9
1586	11
1587	14
1588	10
1589	11
1590	8
1591	6
1592	8
1593	13
1594	10
1595	19
1596	12
1597	13
1598	14
1599	16
1600	5
1601	14
1602	8
1603	8
1604	20
1605	10
1606	10
1607	8
1608	6
1609	16
1610	9
1611	12
1612	14
1613	11
1614	13
1615	8
1616	7
1617	8
1618	15
1619	13
1620	16
1621	7
1622	11
1623	9
1624	15
1625	8
1626	8
1627	14
1628	4
1629	10
1630	13
1631	11
1632	7
1633	12
1634	12
1635	6
1636	19
1637	7
1638	13
1639	9
1640	12
1641	14
1642	11
1643	12
1644	13
1645	6
1646	14
1647	7
1648	10
1649	10
1650	12
1651	11
1652	15
1653	8
1654	7
1655	9
1656	11
1657	13
1658	11
1659	19
1660	8
1661	10
1662	13
1663	19
1664	5
1665	6
1666	17
1667	11
1668	10
1669	11
1670	14
1671	10
1672	13
1673	18
1674	9
1675	8
1676	10
1677	10
1678	12
1679	5
1680	15
1681	16
1682	17
1683	8
1684	15
1685	15
1686	16
1687	17
1688	10
1689	13
1690	7
1691	16
1692	15
1693	12
1694	16
1695	11
1696	11
1697	6
1698	15
1699	12
1700	12
1701	14
1702	19
1703	8
1704	19
1705	14
1706	14
1707	9
1708	14
1709	11
1710	16
1711	11
1712	10
1713	13
1714	14
1715	16
1716	23
1717	15
1718	12
1719	11
1720	21
1721	16
1722	8
1723	21
1724	21
1725	12
1726	13
1727	13
1728	14
1729	15
1730	11
1731	11
1732	15
1733	7
1734	23
1735	10
1736	13
1737	16
1738	8
1739	14
1740	9
1741	12
1742	14
1743	11
1744	12
1745	11
1746	13
1747	16
1748	17
1749	6
1750	17
1751	10
1752	23
1753	17
1754	26
1755	12
1756	18
1757	10
1758	19
1759	19
1760	5
1761	7
1762	11
1763	11
1764	19
1765	14
1766	16
1767	10
1768	13
1769	18
1770	15
1771	15
1772	20
1773	11
1774	21
1775	19
1776	17
1777	24
1778	13
1779	20
1780	19
1781	15
1782	13
1783	18
1784	12
1785	23
1786	21
1787	14
1788	18
1789	10
1790	14
1791	19
1792	10
1793	13
1794	18
1795	24
1796	21
1797	14
1798	20
1799	19
1800	23
1801	29
1802	7
1803	10
1804	19
1805	13
1806	24
1807	9
1808	20
1809	13
1810	15
1811	18
1812	20
1813	18
1814	19
1815	11
1816	25
1817	16
1818	14
1819	19
1820	19
1821	16
1822	18
1823	13
1824	17
1825	15
1826	18
1827	13
1828	18
1829	17
1830	21
1831	13
1832	20
1833	29
1834	18
1835	17
1836	22
1837	19
1838	15
1839	19
1840	23
1841	18
1842	21
1843	14
1844	16
1845	13
1846	25
1847	13
1848	17
1849	22
1850	16
1851	18
1852	22
1853	19
1854	20
1855	17
1856	20
1857	16
1858	23
1859	21
1860	19
1861	17
1862	20
1863	11
1864	23
1865	22
1866	16
1867	26
1868	17
1869	22
1870	20
1871	27
1872	25
1873	19
1874	22
1875	24
1876	14
1877	13
1878	23
1879	19
1880	18
1881	24
1882	15
1883	25
1884	28
1885	22
1886	23
1887	33
1888	23
1889	24
1890	25
1891	25
1892	29
1893	21
1894	26
1895	15
1896	30
1897	32
1898	19
1899	23
1900	36
1901	21
1902	27
1903	28
1904	27
1905	23
1906	35
1907	26
1908	28
1909	24
1910	25
1911	18
1912	19
1913	34
1914	35
1915	35
1916	41
1917	36
1918	35
1919	39
1920	37
1921	41
1922	41
1923	56
1924	53
1925	36
1926	61
1927	36
1928	55
1929	55
1930	50
1931	51
1932	75
1933	50
1934	73
1935	44
1936	68
1937	57
1938	70
1939	96
1940	66
1941	67
1942	99
1943	68
1944	90
1945	110
1946	78
1947	91
1948	108
1949	94
1950	100
1951	144
1952	116
1953	129
1954	123
1955	113
1956	152
1957	116
1958	151
1959	111
1960	132
1961	174
1962	106
1963	168
1964	177
1965	152
1966	162
1967	125
1968	140
1969	154
1970	168
1971	173
1972	148
1973	116
1974	194
1975	143
1976	153
1977	191
1978	143
1979	191
1980	169
1981	168
1982	150
1983	132
1984	157
1985	148
1986	149
1987	119
1988	175
1989	112
1990	163
1991	97
1992	130
1993	154
1994	110
1995	106
1996	139
1997	131
1998	126
1999	92
2000	109
2001	110
2002	115
2003	97
2004	106
2005	79
2006	104
2007	59
2008	84
2009	93
2010	85
2011	82
2012	85
2013	55
2014	70
2015	58
2016	63
2017	56
2018	66
2019	46
2020	64
2021	37
2022	53
2023	32
2024	40
2025	44
2026	43
2027	38
2028	53
2029	40
2030	39
2031	30
2032	29
2033	29
2034	33
2035	35
2036	22
2037	19
2038	26
2039	20
2040	23
2041	30
2042	21
2043	26
2044	27
2045	19
2046	26
2047	23
2048	16
2049	17
2050	19
2051	18
2052	17
2053	13
2054	23
2055	16
2056	7
2057	20
2058	9
2059	25
2060	18
2061	18
2062	17
2063	12
2064	16
2065	13
2066	21
2067	27
2068	14
2069	9
2070	14
2071	18
2072	11
2073	17
2074	13
2075	24
2076	12
2077	17
2078	15
2079	20
2080	12
2081	26
2082	11
2083	28
2084	19
2085	11
2086	23
2087	18
2088	14
2089	19
2090	12
2091	13
2092	13
2093	16
2094	7
2095	16
2096	20
2097	16
2098	17
2099	21
2100	14
2101	17
2102	20
2103	18
2104	13
2105	17
2106	12
2107	16
2108	16
2109	12
2110	11
2111	19
2112	11
2113	24
2114	16
2115	9
2116	21
2117	16
2118	17
2119	14
2120	11
2121	17
2122	8
2123	11
2124	13
2125	15
2126	20
2127	15
2128	17
2129	19
2130	14
2131	20
2132	17
2133	10
2134	13
2135	10
2136	14
2137	19
2138	19
2139	23
2140	15
2141	16
2142	14
2143	22
2144	15
2145	17
2146	11
2147	20
2148	17
2149	8
2150	20
2151	12
2152	12
2153	19
2154	13
2155	13
2156	14
2157	17
2158	16
2159	17
2160	7
2161	16
2162	18
2163	22
2164	16
2165	10
2166	14
2167	14
2168	14
2169	19
2170	12
2171	21
2172	26
2173	12
2174	17
2175	23
2176	13
2177	13
2178	18
2179	13
2180	19
2181	18
2182	18
2183	8
2184	12
2185	23
2186	13
2187	21
2188	18
2189	13
2190	22
2191	18
2192	25
2193	25
2194	14
2195	17
2196	31
2197	22
2198	31
2199	16
2200	18
2201	34
2202	27
2203	32
2204	21
2205	30
2206	20
2207	32
2208	31
2209	26
2210	26
2211	33
2212	35
2213	20
2214	29
2215	32
2216	26
2217	37
2218	30
2219	50
2220	44
2221	28
2222	23
2223	22
2224	28
2225	37
2226	28
2227	35
2228	41
2229	37
2230	39
2231	44
2232	27
2233	34
2234	26
2235	33
2236	44
2237	36
2238	33
2239	45
2240	39
2241	34
2242	30
2243	42
2244	34
2245	39
2246	49
2247	23
2248	34
2249	42
2250	40
2251	35
2252	65
2253	40
2254	36
2255	31
2256	38
2257	31
2258	34
2259	43
2260	41
2261	32
2262	37
2263	20
2264	47
2265	32
2266	22
2267	47
2268	34
2269	38
2270	33
2271	38
2272	24
2273	28
2274	19
2275	21
2276	24
2277	15
2278	37
2279	24
2280	14
2281	22
2282	25
2283	27
2284	28
2285	26
2286	21
2287	20
2288	14
2289	25
2290	19
2291	25
2292	21
2293	14
2294	17
2295	11
2296	8
2297	26
2298	21
2299	20
2300	20
2301	11
2302	14
2303	17
2304	16
2305	17
2306	15
2307	11
2308	15
2309	9
2310	33
2311	7
2312	11
2313	17
2314	14
2315	14
2316	18
2317	12
2318	15
2319	16
2320	18
2321	15
2322	16
2323	20
2324	15
2325	6
2326	12
2327	12
2328	12
2329	16
2330	7
2331	16
2332	15
2333	12
2334	17
2335	18
2336	17
2337	8
2338	13
2339	13
2340	17
2341	9
2342	17
2343	13
2344	15
2345	16
2346	10
2347	14
2348	16
2349	12
2350	13
2351	14
2352	14
2353	7
2354	13
2355	10
2356	6
2357	12
2358	14
2359	17
2360	10
2361	10
2362	9
2363	20
2364	8
2365	10
2366	12
2367	7
2368	12
2369	10
2370	9
2371	14
2372	9
2373	7
2374	11
2375	10
2376	7
2377	11
2378	7
2379	9
2380	21
2381	14
2382	13
2383	15
2384	9
2385	13
2386	15
2387	13
2388	5
2389	7
2390	15
2391	6
2392	7
2393	15
2394	6
2395	11
2396	12
2397	10
2398	12
2399	16
2400	11
2401	19
2402	9
2403	12
2404	12
2405	10
2406	19
2407	7
2408	7
2409	17
2410	3
2411	10
2412	20
2413	7
2414	6
2415	12
2416	11
2417	14
2418	10
2419	12
2420	15
2421	9
2422	11
2423	11
2424	7
2425	14
2426	5
2427	14
2428	20
2429	10
2430	9
2431	10
2432	22
2433	9
2434	8
2435	14
2436	10
2437	5
2438	8
2439	3
2440	7
2441	14
2442	6
2443	13
2444	15
2445	8
2446	10
2447	0
2448	9
2449	11
2450	18
2451	8
2452	20
2453	5
2454	13
2455	1
2456	8
2457	9
2458	6
2459	22
2460	10
2461	8
2462	6
2463	11
2464	4
2465	10
2466	13
2467	15
2468	8
2469	4
2470	17
2471	7
2472	9
2473	12
2474	6
2475	15
2476	18
2477	5
2478	10
2479	8
2480	17
2481	5
2482	8
2483	8
2484	10
2485	8
2486	9
2487	9
2488	17
2489	16
2490	11
2491	16
2492	11
2493	9
2494	11
2495	9
2496	10
2497	15
2498	16
2499	10
2500	16
2501	16
2502	18
2503	10
2504	21
2505	11
2506	14
2507	15
2508	17
2509	13
2510	20
2511	14
2512	13
2513	18
2514	20
2515	16
2516	17
2517	9
2518	17
2519	15
2520	14
2521	18
2522	18
2523	21
2524	23
2525	15
2526	16
2527	22
2528	27
2529	20
2530	22
2531	17
2532	24
2533	17
2534	32
2535	17
2536	20
2537	19
2538	14
2539	21
2540	18
2541	21
2542	14
2543	13
2544	15
2545	19
2546	24
2547	17
2548	25
2549	10
2550	23
2551	14
2552	16
2553	22
2554	14
2555	17
2556	16
2557	20
2558	13
2559	24
2560	16
2561	15
2562	19
2563	16
2564	27
2565	9
2566	20
2567	15
2568	14
2569	19
2570	12
2571	19
2572	12
2573	9
2574	15
2575	15
2576	6
2577	21
2578	16
2579	14
2580	11
2581	22
2582	12
2583	11
2584	8
2585	13
2586	8
2587	17
2588	6
2589	18
2590	13
2591	15
2592	12
2593	13
2594	9
2595	10
2596	13
2597	11
2598	7
2599	11
2600	12
2601	26
2602	8
2603	14
2604	14
2605	12
2606	12
2607	10
2608	10
2609	10
2610	6
2611	4
2612	15
2613	11
2614	11
2615	17
2616	7
2617	15
2618	7
2619	12
2620	14
2621	5
2622	12
2623	8
2624	16
2625	8
2626	8
2627	7
2628	12
2629	12
2630	13
2631	14
2632	11
2633	12
2634	7
2635	7
2636	12
2637	9
2638	6
2639	9
2640	9
2641	10
2642	10
2643	15
2644	9
2645	7
2646	12
2647	4
2648	16
2649	10
2650	17
2651	8
2652	8
2653	11
2654	13
2655	11
2656	9
2657	10
2658	5
2659	15
2660	17
2661	5
2662	11
2663	8
2664	13
2665	13
2666	8
2667	13
2668	13
2669	8
2670	7
2671	8
2672	9
2673	15
2674	5
2675	12
2676	9
2677	5
2678	15
2679	4
2680	3
2681	13
2682	6
2683	9
2684	11
2685	9
2686	11
2687	6
2688	4
2689	5
2690	10
2691	6
2692	14
2693	7
2694	13
2695	8
2696	11
2697	11
2698	8
2699	12
2700	7
2701	9
2702	11
2703	6
2704	13
2705	14
2706	10
2707	10
2708	7
2709	5
2710	9
2711	10
2712	9
2713	6
2714	8
2715	13
2716	4
2717	4
2718	10
2719	8
2720	10
2721	8
2722	4
2723	19
2724	7
2725	4
2726	7
2727	11
2728	5
2729	8
2730	4
2731	5
2732	11
2733	11
2734	10
2735	9
2736	5
2737	11
2738	9
2739	10
2740	10
2741	4
2742	13
2743	11
2744	5
2745	13
2746	9
2747	15
2748	7
2749	9
2750	9
2751	4
2752	14
2753	7
2754	12
2755	6
2756	8
2757	13
2758	15
2759	8
2760	14
2761	12
2762	7
2763	6
2764	11
2765	9
2766	8
2767	9
2768	6
2769	13
2770	8
2771	10
2772	6
2773	1
2774	5
2775	5
2776	10
2777	13
2778	11
2779	8
2780	17
2781	10
2782	12
2783	10
2784	6
2785	10
2786	9
2787	12
2788	12
2789	6
2790	10
2791	10
2792	7
2793	7
2794	7
2795	7
2796	13
2797	12
2798	11
2799	7
2800	9
2801	6
2802	12
2803	17
2804	12
2805	5
2806	16
2807	2
2808	2
2809	8
2810	6
2811	10
2812	11
2813	10
2814	7
2815	11
2816	4
2817	11
2818	10
2819	8
2820	15
2821	4
2822	18
2823	5
2824	10
2825	9
2826	4
2827	11
2828	4
2829	10
2830	8
2831	5
2832	9
2833	5
2834	9
2835	12
2836	10
2837	6
2838	10
2839	9
2840	11
2841	12
2842	6
2843	10
2844	6
2845	5
2846	8
2847	12
2848	13
2849	6
2850	4
2851	9
2852	18
2853	10
2854	11
2855	12
2856	4
2857	11
2858	6
2859	10
2860	6
2861	7
2862	6
2863	5
2864	5
2865	10
2866	11
2867	10
2868	5
2869	11
2870	12
2871	8
2872	8
2873	11
2874	7
2875	6
2876	15
2877	7
2878	8
2879	11
2880	7
2881	10
2882	8
2883	11
2884	12
2885	7
2886	12
2887	2
2888	9
2889	10
2890	7
2891	9
2892	13
2893	9
2894	5
2895	5
2896	6
2897	9
2898	10
2899	6
2900	13
2901	10
2902	6
2903	6
2904	10
2905	13
2906	5
2907	7
2908	12
2909	6
2910	4
2911	5
2912	12
2913	9
2914	9
2915	14
2916	10
2917	5
2918	11
2919	6
2920	7
2921	13
2922	10
2923	8
2924	7
2925	10
2926	6
2927	3
2928	4
2929	4
2930	15
2931	7
2932	7
2933	5
2934	17
2935	13
2936	8
2937	10
2938	11
2939	9
2940	10
2941	10
2942	10
2943	3
2944	7
2945	7
2946	10
2947	4
2948	14
2949	8
2950	6
2951	7
2952	7
2953	7
2954	5
2955	9
2956	6
2957	15
2958	3
2959	3
2960	4
2961	3
2962	8
2963	8
2964	12
2965	7
2966	12
2967	4
2968	6
2969	8
2970	8
2971	7
2972	6
2973	11
2974	10
2975	6
2976	13
2977	8
2978	7
2979	9
2980	8
2981	9
2982	9
2983	6
2984	5
2985	7
2986	5
2987	8
2988	10
2989	10
2990	11
2991	5
2992	9
2993	10
2994	7
2995	12
2996	7
2997	6
2998	7
2999	3
3000	8
3001	12
3002	6
3003	14
3004	7
3005	7
3006	13
3007	4
3008	8
3009	10
3010	3
3011	7
3012	9
3013	9
3014	10
3015	2
3016	7
3017	7
3018	9
3019	6
3020	11
3021	8
3022	4
3023	4
3024	8
3025	2
3026	3
3027	8
3028	5
3029	7
3030	13
3031	4
3032	2
3033	6
3034	7
3035	6
3036	15
3037	3
3038	5
3039	5
3040	8
3041	10
3042	9
3043	4
3044	11
3045	8
3046	8
3047	3
3048	5
3049	15
3050	6
3051	5
3052	9
3053	12
3054	4
3055	8
3056	7
3057	9
3058	11
3059	10
3060	9
3061	3
3062	11
3063	6
3064	7
3065	8
3066	5
3067	11
3068	7
3069	3
3070	4
3071	2
3072	7
3073	4
3074	4
3075	11
3076	6
3077	4
3078	6
3079	5
3080	7
3081	7
3082	1
3083	4
3084	11
3085	6
3086	9
3087	4
3088	8
3089	6
3090	9
3091	9
3092	8
3093	4
3094	6
3095	3
3096	4
3097	8
3098	5
3099	7
3100	4
3101	12
3102	8
3103	9
3104	3
3105	3
3106	8
3107	8
3108	7
3109	4
3110	9
3111	6
3112	8
3113	10
3114	8
3115	11
3116	6
3117	8
3118	3
3119	10
3120	8
3121	5
3122	10
3123	11
3124	8
3125	8
3126	4
3127	8
3128	4
3129	10
3130	9
3131	5
3132	7
3133	9
3134	6
3135	7
3136	2
3137	3
3138	8
3139	10
3140	6
3141	3
3142	10
3143	6
3144	5
3145	12
3146	6
3147	3
3148	8
3149	6
3150	2
3151	6
3152	3
3153	2
3154	2
3155	7
3156	7
3157	6
3158	7
3159	8
3160	3
3161	6
3162	3
3163	12
3164	4
3165	6
3166	7
3167	7
3168	8
3169	10
3170	9
3171	6
3172	10
3173	1
3174	5
3175	3
3176	1
3177	6
3178	2
3179	10
3180	10
3181	7
3182	4
3183	5
3184	10
3185	8
3186	7
3187	6
3188	8
3189	2
3190	3
3191	5
3192	6
3193	7
3194	2
3195	3
3196	3
3197	8
3198	8
3199	9
3200	2
3201	3
3202	9
3203	4
3204	7
3205	1
3206	7
3207	5
3208	4
3209	6
3210	8
3211	7
3212	8
3213	7
3214	5
3215	4
3216	13
3217	3
3218	8
3219	5
3220	7
3221	6
3222	11
3223	5
3224	6
3225	6
3226	3
3227	7
3228	9
3229	3
3230	10
3231	5
3232	4
3233	6
3234	6
3235	6
3236	13
3237	6
3238	10
3239	3
3240	6
3241	13
3242	5
3243	5
3244	6
3245	8
3246	6
3247	4
3248	5
3249	5
3250	7
3251	5
3252	9
3253	5
3254	7
3255	4
3256	7
3257	6
3258	6
3259	7
3260	4
3261	4
3262	5
3263	7
3264	8
3265	5
3266	2
3267	7
3268	4
3269	6
3270	12
3271	5
3272	4
3273	3
3274	4
3275	8
3276	5
3277	5
3278	6
3279	7
3280	5
3281	6
3282	6
3283	4
3284	5
3285	3
3286	8
3287	3
3288	6
3289	8
3290	3
3291	8
3292	3
3293	12
3294	0
3295	5
3296	5
3297	5
3298	8
3299	4
3300	13
3301	10
3302	6
3303	8
3304	10
3305	3
3306	0
3307	5
3308	6
3309	7
3310	7
3311	6
3312	2
3313	6
3314	4
3315	4
3316	6
3317	2
3318	9
3319	5
3320	5
3321	6
3322	5
3323	5
3324	4
3325	0
3326	4
3327	8
3328	6
3329	11
3330	6
3331	3
3332	5
3333	2
3334	6
3335	6
3336	6
3337	3
3338	2
3339	1
3340	8
3341	9
3342	4
3343	3
3344	5
3345	5
3346	5
3347	7
3348	3
3349	5
3350	7
3351	4
3352	4
3353	5
3354	7
3355	7
3356	8
3357	6
3358	7
3359	3
3360	5
3361	4
3362	4
3363	2
3364	5
3365	3
3366	6
3367	6
3368	5
3369	8
3370	6
3371	5
3372	4
3373	4
3374	4
3375	6
3376	1
3377	4
3378	3
3379	4
3380	6
3381	2
3382	4
3383	4
3384	4
3385	3
3386	7
3387	10
3388	5
3389	1
3390	8
3391	5
3392	5
3393	2
3394	6
3395	4
3396	2
3397	3
3398	7
3399	3
3400	2
3401	10
3402	1
3403	2
3404	5
3405	1
3406	5
3407	5
3408	4
3409	4
3410	4
3411	3
3412	1
3413	4
3414	5
3415	6
3416	6
3417	5
3418	3
3419	6
3420	7
3421	4
3422	2
3423	8
3424	6
3425	3
3426	4
3427	8
3428	6
3429	2
3430	7
3431	8
3432	1
3433	2
3434	9
3435	4
3436	8
3437	3
3438	5
3439	6
3440	1
3441	6
3442	1
3443	4
3444	6
3445	1
3446	8
3447	1
3448	5
3449	6
3450	4
3451	3
3452	7
3453	2
3454	5
3455	3
3456	2
3457	4
3458	4
3459	1
3460	6
3461	3
3462	6
3463	2
3464	2
3465	1
3466	6
3467	3
3468	5
3469	3
3470	5
3471	2
3472	4
3473	2
3474	5
3475	4
3476	2
3477	3
3478	9
3479	5
3480	7
3481	6
3482	3
3483	3
3484	2
3485	6
3486	4
3487	3
3488	3
3489	3
3490	9
3491	3
3492	7
3493	2
3494	4
3495	6
3496	3
3497	7
3498	2
3499	4
3500	4
3501	2
3502	2
3503	4
3504	4
3505	2
3506	4
3507	12
3508	4
3509	0
3510	3
3511	4
3512	2
3513	6
3514	5
3515	6
3516	4
3517	3
3518	5
3519	3
3520	6
3521	1
3522	5
3523	2
3524	5
3525	0
3526	7
3527	8
3528	5
3529	4
3530	5
3531	5
3532	4
3533	6
3534	3
3535	1
3536	0
3537	4
3538	7
3539	6
3540	1
3541	5
3542	5
3543	4
3544	1
3545	3
3546	2
3547	3
3548	5
3549	3
3550	0
3551	2
3552	2
3553	6
3554	3
3555	6
3556	2
3557	5
3558	6
3559	3
3560	4
3561	4
3562	0
3563	2
3564	4
3565	4
3566	1
3567	4
3568	1
3569	3
3570	4
3571	2
3572	2
3573	2
3574	3
3575	0
3576	1
3577	3
3578	2
3579	4
3580	1
3581	6
3582	4
3583	2
3584	2
3585	2
3586	6
3587	4
3588	5
3589	3
3590	4
3591	1
3592	3
3593	6
3594	0
3595	2
3596	3
3597	2
3598	0
3599	4
3600	2
3601	1
3602	2
3603	0
3604	1
3605	2
3606	7
3607	4
3608	6
3609	5
3610	3
3611	8
3612	2
3613	2
3614	4
3615	1
3616	9
3617	2
3618	5
3619	4
3620	2
3621	1
3622	5
3623	6
3624	2
3625	3
3626	3
3627	3
3628	4
3629	5
3630	3
3631	0
3632	2
3633	1
3634	3
3635	4
3636	1
3637	5
3638	4
3639	5
3640	2
3641	7
3642	0
3643	2
3644	3
3645	3
3646	1
3647	2
3648	2
3649	3
3650	1
3651	2
3652	4
3653	5
3654	7
3655	4
3656	2
3657	3
3658	4
3659	1
3660	3
3661	1
3662	3
3663	1
3664	1
3665	1
3666	5
3667	2
3668	0
3669	2
3670	4
3671	1
3672	7
3673	6
3674	1
3675	1
3676	3
3677	2
3678	1
3679	3
3680	5
3681	2
3682	2
3683	4
3684	8
3685	1
3686	3
3687	2
3688	2
3689	2
3690	4
3691	3
3692	3
3693	5
3694	3
3695	3
3696	2
3697	2
3698	2
3699	4
3700	4
3701	6
3702	7
3703	3
3704	0
3705	1
3706	3
3707	2
3708	5
3709	1
3710	3
3711	2
3712	1
3713	4
3714	2
3715	3
3716	4
3717	1
3718	4
3719	2
3720	1
3721	3
3722	2
3723	2
3724	4
3725	0
3726	1
3727	3
3728	2
3729	1
3730	0
3731	2
3732	3
3733	4
3734	3
3735	0
3736	2
3737	4
3738	1
3739	2
3740	1
3741	1
3742	2
3743	5
3744	1
3745	3
3746	1
3747	3
3748	1
3749	1
3750	5
3751	1
3752	1
3753	5
3754	3
3755	0
3756	0
3757	3
3758	2
3759	1
3760	0
3761	4
3762	1
3763	2
3764	2
3765	2
3766	4
3767	1
3768	0
3769	2
3770	1
3771	3
3772	3
3773	2
3774	3
3775	1
3776	3
3777	0
3778	1
3779	1
3780	1
3781	2
3782	3
3783	1
3784	3
3785	2
3786	4
3787	0
3788	3
3789	3
3790	0
3791	2
3792	4
3793	4
3794	3
3795	2
3796	3
3797	2
3798	2
3799	0
3800	3
3801	3
3802	1
3803	4
3804	2
3805	5
3806	1
3807	2
3808	0
3809	2
3810	3
3811	1
3812	2
3813	2
3814	2
3815	2
3816	2
3817	3
3818	2
3819	1
3820	0
3821	1
3822	3
3823	0
3824	2
3825	2
3826	2
3827	0
3828	1
3829	1
3830	2
3831	1
3832	1
3833	0
3834	0
3835	1
3836	0
3837	1
3838	3
3839	1
3840	4
3841	0
3842	2
3843	2
3844	4
3845	1
3846	4
3847	0
3848	3
3849	1
3850	1
3851	0
3852	1
3853	0
3854	4
3855	1
3856	2
3857	1
3858	1
3859	1
3860	2
3861	0
3862	1
3863	0
3864	1
3865	3
3866	1
3867	0
3868	2
3869	1
3870	1
3871	1
3872	1
3873	2
3874	3
3875	0
3876	1
3877	3
3878	1
3879	0
3880	1
3881	1
3882	0
3883	3
3884	0
3885	2
3886	1
3887	2
3888	1
3889	0
3890	1
3891	2
3892	3
3893	0
3894	2
3895	2
3896	1
3897	2
3898	3
3899	2
3900	1
3901	1
3902	2
3903	2
3904	2
3905	0
3906	3
3907	2
3908	3
3909	2
3910	0
3911	0
3912	4
3913	1
3914	1
3915	0
3916	0
3917	2
3918	0
3919	0
3920	0
3921	1
3922	2
3923	1
3924	0
3925	1
3926	1
3927	2
3928	0
3929	2
3930	0
3931	0
3932	0
3933	2
3934	2
3935	1
3936	0
3937	0
3938	0
3939	3
3940	0
3941	0
3942	0
3943	0
3944	1
3945	1
3946	0
3947	1
3948	2
3949	2
3950	1
3951	0
3952	1
3953	1
3954	4
3955	0
3956	0
3957	1
3958	1
3959	1
3960	0
3961	1
3962	0
3963	1
3964	0
3965	0
3966	2
3967	1
3968	0
3969	0
3970	0
3971	0
3972	2
3973	0
3974	0
3975	1
3976	1
3977	4
3978	0
3979	1
3980	0
3981	2
3982	1
3983	1
3984	1
3985	1
3986	2
3987	0
3988	0
3989	0
3990	1
3991	0
3992	0
3993	1
3994	0
3995	1
3996	2
3997	0
3998	1
3999	0
4000	0
