Channel number	Impulses
Channel/#	Impulses/#

0	0
1	0
2	0
3	0
4	0
5	0
6	0
7	0
8	0
9	0
10	0
11	0
12	0
13	0
14	0
15	0
16	0
17	0
18	0
19	0
20	0
21	0
22	0
23	0
24	0
25	0
26	0
27	0
28	0
29	0
30	0
31	0
32	0
33	0
34	0
35	0
36	0
37	0
38	0
39	0
40	0
41	0
42	0
43	0
44	0
45	0
46	0
47	0
48	0
49	0
50	0
51	0
52	3
53	3
54	3
55	1
56	2
57	9
58	11
59	12
60	9
61	7
62	15
63	20
64	3
65	6
66	10
67	10
68	17
69	8
70	16
71	9
72	5
73	9
74	6
75	4
76	12
77	8
78	10
79	13
80	1
81	6
82	13
83	7
84	11
85	4
86	4
87	11
88	5
89	6
90	6
91	7
92	6
93	8
94	4
95	11
96	0
97	6
98	11
99	6
100	1
101	5
102	9
103	8
104	6
105	10
106	5
107	4
108	3
109	5
110	9
111	7
112	4
113	5
114	8
115	3
116	3
117	2
118	4
119	3
120	1
121	2
122	2
123	4
124	5
125	3
126	7
127	8
128	2
129	6
130	6
131	3
132	10
133	6
134	3
135	4
136	4
137	5
138	3
139	7
140	4
141	4
142	1
143	5
144	4
145	9
146	5
147	6
148	5
149	6
150	8
151	3
152	8
153	4
154	3
155	8
156	4
157	6
158	3
159	3
160	9
161	8
162	11
163	5
164	6
165	8
166	5
167	4
168	8
169	7
170	4
171	5
172	7
173	7
174	8
175	7
176	5
177	6
178	13
179	4
180	6
181	5
182	17
183	6
184	8
185	9
186	5
187	6
188	9
189	3
190	3
191	7
192	1
193	10
194	5
195	7
196	6
197	6
198	14
199	8
200	4
201	5
202	10
203	7
204	13
205	7
206	7
207	3
208	7
209	9
210	7
211	6
212	6
213	2
214	7
215	4
216	8
217	3
218	7
219	9
220	3
221	9
222	6
223	3
224	4
225	2
226	10
227	4
228	11
229	5
230	4
231	2
232	4
233	2
234	6
235	9
236	4
237	8
238	6
239	6
240	4
241	5
242	6
243	2
244	3
245	5
246	3
247	2
248	3
249	4
250	2
251	4
252	3
253	3
254	1
255	4
256	0
257	2
258	3
259	3
260	7
261	7
262	4
263	2
264	1
265	3
266	5
267	3
268	6
269	6
270	6
271	0
272	3
273	4
274	2
275	2
276	1
277	3
278	3
279	3
280	1
281	4
282	1
283	5
284	2
285	1
286	0
287	2
288	2
289	3
290	3
291	1
292	0
293	3
294	3
295	0
296	1
297	1
298	0
299	4
300	3
301	0
302	2
303	1
304	1
305	3
306	4
307	1
308	2
309	3
310	2
311	2
312	3
313	2
314	1
315	3
316	0
317	1
318	0
319	2
320	0
321	0
322	1
323	1
324	2
325	0
326	1
327	1
328	4
329	3
330	0
331	0
332	0
333	2
334	3
335	1
336	2
337	1
338	0
339	2
340	2
341	0
342	0
343	0
344	0
345	0
346	1
347	0
348	0
349	0
350	0
351	3
352	1
353	1
354	2
355	2
356	1
357	0
358	1
359	2
360	1
361	0
362	0
363	1
364	1
365	3
366	0
367	0
368	0
369	3
370	1
371	1
372	2
373	1
374	3
375	2
376	1
377	3
378	0
379	3
380	2
381	0
382	1
383	2
384	0
385	0
386	0
387	4
388	0
389	0
390	1
391	0
392	0
393	0
394	0
395	2
396	0
397	1
398	0
399	1
400	0
401	1
402	1
403	0
404	2
405	0
406	2
407	0
408	0
409	1
410	0
411	0
412	0
413	1
414	0
415	1
416	0
417	1
418	0
419	1
420	1
421	1
422	0
423	0
424	2
425	0
426	0
427	1
428	0
429	1
430	1
431	0
432	1
433	0
434	0
435	0
436	1
437	0
438	0
439	1
440	0
441	0
442	0
443	0
444	1
445	2
446	0
447	0
448	0
449	1
450	1
451	1
452	2
453	1
454	3
455	1
456	0
457	0
458	0
459	0
460	1
461	2
462	0
463	0
464	1
465	0
466	0
467	1
468	0
469	1
470	0
471	0
472	0
473	0
474	0
475	3
476	0
477	1
478	1
479	2
480	1
481	1
482	0
483	0
484	1
485	1
486	1
487	0
488	1
489	0
490	0
491	1
492	1
493	1
494	0
495	0
496	0
497	4
498	1
499	0
500	0
501	0
502	1
503	0
504	1
505	0
506	0
507	1
508	0
509	1
510	3
511	2
512	0
513	0
514	0
515	0
516	0
517	0
518	0
519	1
520	1
521	1
522	2
523	0
524	1
525	0
526	1
527	0
528	0
529	0
530	0
531	3
532	2
533	0
534	1
535	0
536	0
537	0
538	2
539	1
540	0
541	1
542	2
543	1
544	0
545	1
546	0
547	1
548	3
549	0
550	0
551	0
552	0
553	1
554	2
555	0
556	1
557	0
558	0
559	0
560	0
561	0
562	0
563	0
564	0
565	0
566	0
567	1
568	1
569	1
570	2
571	1
572	0
573	1
574	0
575	0
576	1
577	0
578	0
579	0
580	1
581	1
582	2
583	1
584	0
585	4
586	2
587	0
588	0
589	0
590	0
591	1
592	1
593	0
594	0
595	2
596	1
597	0
598	0
599	0
600	1
601	1
602	0
603	0
604	0
605	0
606	1
607	0
608	1
609	1
610	1
611	0
612	1
613	1
614	0
615	1
616	0
617	2
618	3
619	0
620	0
621	1
622	0
623	1
624	1
625	0
626	1
627	1
628	1
629	2
630	1
631	2
632	0
633	2
634	0
635	2
636	0
637	1
638	2
639	3
640	0
641	0
642	1
643	1
644	0
645	0
646	2
647	2
648	1
649	1
650	1
651	0
652	0
653	0
654	0
655	0
656	0
657	0
658	1
659	0
660	4
661	1
662	2
663	2
664	1
665	1
666	1
667	1
668	2
669	0
670	1
671	0
672	0
673	1
674	0
675	0
676	0
677	0
678	0
679	3
680	1
681	0
682	0
683	1
684	3
685	0
686	3
687	0
688	0
689	0
690	1
691	1
692	0
693	0
694	0
695	1
696	0
697	0
698	0
699	0
700	0
701	0
702	2
703	1
704	0
705	0
706	1
707	2
708	0
709	3
710	0
711	0
712	0
713	3
714	0
715	0
716	1
717	4
718	3
719	1
720	0
721	0
722	0
723	1
724	0
725	0
726	0
727	2
728	0
729	0
730	1
731	2
732	1
733	0
734	1
735	2
736	1
737	2
738	1
739	0
740	4
741	1
742	3
743	1
744	0
745	2
746	3
747	0
748	0
749	2
750	1
751	0
752	0
753	2
754	1
755	3
756	0
757	1
758	0
759	0
760	3
761	0
762	0
763	0
764	1
765	1
766	2
767	0
768	0
769	0
770	3
771	1
772	1
773	1
774	2
775	0
776	3
777	1
778	2
779	1
780	1
781	1
782	2
783	1
784	1
785	1
786	1
787	1
788	3
789	2
790	1
791	2
792	2
793	0
794	2
795	1
796	1
797	2
798	2
799	1
800	1
801	1
802	1
803	3
804	4
805	1
806	0
807	0
808	3
809	1
810	2
811	3
812	0
813	0
814	2
815	1
816	2
817	0
818	2
819	2
820	2
821	3
822	3
823	2
824	0
825	5
826	0
827	1
828	0
829	2
830	4
831	3
832	1
833	1
834	1
835	0
836	3
837	2
838	4
839	0
840	1
841	0
842	3
843	1
844	0
845	1
846	3
847	3
848	0
849	0
850	1
851	2
852	2
853	1
854	1
855	0
856	4
857	2
858	3
859	4
860	4
861	1
862	2
863	0
864	0
865	1
866	1
867	2
868	0
869	2
870	0
871	0
872	0
873	0
874	2
875	1
876	3
877	2
878	2
879	1
880	1
881	0
882	3
883	1
884	0
885	1
886	2
887	1
888	0
889	1
890	1
891	4
892	3
893	0
894	1
895	2
896	1
897	0
898	4
899	0
900	2
901	1
902	0
903	0
904	4
905	1
906	0
907	1
908	4
909	1
910	1
911	1
912	1
913	0
914	0
915	1
916	1
917	1
918	0
919	2
920	1
921	1
922	1
923	2
924	0
925	0
926	0
927	1
928	0
929	1
930	3
931	0
932	2
933	1
934	2
935	0
936	2
937	2
938	2
939	3
940	1
941	1
942	2
943	0
944	2
945	2
946	0
947	0
948	0
949	1
950	0
951	2
952	0
953	1
954	1
955	0
956	5
957	2
958	1
959	1
960	0
961	2
962	2
963	2
964	4
965	2
966	1
967	1
968	1
969	4
970	2
971	1
972	2
973	0
974	1
975	3
976	0
977	0
978	0
979	1
980	1
981	1
982	1
983	3
984	3
985	3
986	2
987	0
988	1
989	0
990	2
991	1
992	1
993	2
994	2
995	2
996	3
997	2
998	2
999	0
1000	6
1001	3
1002	2
1003	1
1004	1
1005	3
1006	2
1007	3
1008	4
1009	1
1010	1
1011	0
1012	0
1013	2
1014	4
1015	1
1016	2
1017	2
1018	2
1019	0
1020	3
1021	2
1022	0
1023	3
1024	0
1025	0
1026	3
1027	1
1028	2
1029	1
1030	3
1031	1
1032	2
1033	1
1034	1
1035	2
1036	0
1037	1
1038	1
1039	2
1040	0
1041	0
1042	3
1043	0
1044	2
1045	1
1046	2
1047	7
1048	2
1049	3
1050	0
1051	1
1052	2
1053	1
1054	1
1055	2
1056	0
1057	3
1058	1
1059	2
1060	2
1061	3
1062	1
1063	2
1064	4
1065	2
1066	0
1067	1
1068	2
1069	4
1070	2
1071	1
1072	3
1073	3
1074	3
1075	2
1076	1
1077	2
1078	2
1079	3
1080	0
1081	2
1082	0
1083	1
1084	0
1085	0
1086	2
1087	1
1088	0
1089	1
1090	2
1091	2
1092	5
1093	1
1094	2
1095	2
1096	3
1097	0
1098	0
1099	1
1100	0
1101	2
1102	2
1103	1
1104	1
1105	1
1106	3
1107	1
1108	2
1109	0
1110	0
1111	0
1112	2
1113	1
1114	1
1115	2
1116	2
1117	5
1118	3
1119	2
1120	0
1121	2
1122	2
1123	1
1124	1
1125	2
1126	3
1127	3
1128	1
1129	2
1130	2
1131	0
1132	4
1133	1
1134	2
1135	0
1136	0
1137	2
1138	1
1139	2
1140	2
1141	1
1142	1
1143	2
1144	0
1145	1
1146	0
1147	4
1148	0
1149	1
1150	2
1151	1
1152	0
1153	3
1154	2
1155	2
1156	4
1157	1
1158	2
1159	4
1160	0
1161	1
1162	2
1163	4
1164	1
1165	1
1166	0
1167	4
1168	2
1169	2
1170	4
1171	3
1172	2
1173	3
1174	4
1175	3
1176	2
1177	0
1178	7
1179	6
1180	5
1181	0
1182	2
1183	2
1184	0
1185	1
1186	0
1187	2
1188	0
1189	3
1190	6
1191	1
1192	2
1193	1
1194	1
1195	2
1196	3
1197	0
1198	1
1199	0
1200	2
1201	0
1202	4
1203	2
1204	3
1205	3
1206	3
1207	5
1208	2
1209	2
1210	3
1211	1
1212	4
1213	6
1214	4
1215	3
1216	1
1217	4
1218	3
1219	1
1220	1
1221	1
1222	2
1223	2
1224	1
1225	0
1226	1
1227	4
1228	1
1229	3
1230	2
1231	5
1232	0
1233	4
1234	3
1235	2
1236	3
1237	0
1238	4
1239	4
1240	1
1241	2
1242	6
1243	2
1244	2
1245	0
1246	5
1247	2
1248	1
1249	4
1250	4
1251	5
1252	2
1253	4
1254	1
1255	0
1256	2
1257	2
1258	2
1259	6
1260	3
1261	5
1262	0
1263	3
1264	3
1265	2
1266	6
1267	0
1268	5
1269	3
1270	4
1271	1
1272	5
1273	1
1274	2
1275	4
1276	5
1277	3
1278	7
1279	4
1280	2
1281	0
1282	4
1283	2
1284	0
1285	2
1286	8
1287	0
1288	1
1289	2
1290	4
1291	4
1292	1
1293	4
1294	3
1295	3
1296	0
1297	2
1298	4
1299	7
1300	4
1301	0
1302	4
1303	1
1304	1
1305	1
1306	0
1307	3
1308	1
1309	3
1310	2
1311	6
1312	3
1313	5
1314	2
1315	3
1316	1
1317	2
1318	4
1319	1
1320	2
1321	1
1322	5
1323	3
1324	5
1325	3
1326	5
1327	3
1328	1
1329	1
1330	3
1331	1
1332	5
1333	1
1334	4
1335	7
1336	3
1337	4
1338	3
1339	2
1340	8
1341	3
1342	6
1343	4
1344	4
1345	3
1346	4
1347	1
1348	4
1349	4
1350	2
1351	2
1352	1
1353	3
1354	1
1355	2
1356	5
1357	6
1358	2
1359	1
1360	2
1361	2
1362	1
1363	1
1364	5
1365	3
1366	2
1367	4
1368	2
1369	3
1370	3
1371	2
1372	3
1373	2
1374	3
1375	4
1376	1
1377	0
1378	6
1379	2
1380	2
1381	2
1382	4
1383	3
1384	3
1385	3
1386	2
1387	2
1388	7
1389	2
1390	5
1391	2
1392	2
1393	5
1394	4
1395	10
1396	6
1397	4
1398	5
1399	2
1400	1
1401	9
1402	5
1403	3
1404	6
1405	2
1406	1
1407	5
1408	2
1409	2
1410	8
1411	1
1412	3
1413	3
1414	2
1415	6
1416	1
1417	6
1418	3
1419	2
1420	6
1421	1
1422	6
1423	3
1424	1
1425	9
1426	5
1427	3
1428	2
1429	1
1430	5
1431	2
1432	1
1433	7
1434	3
1435	6
1436	4
1437	1
1438	2
1439	4
1440	2
1441	3
1442	4
1443	2
1444	5
1445	2
1446	5
1447	6
1448	2
1449	4
1450	3
1451	1
1452	5
1453	3
1454	3
1455	3
1456	2
1457	3
1458	4
1459	1
1460	3
1461	2
1462	7
1463	4
1464	2
1465	5
1466	2
1467	4
1468	2
1469	4
1470	2
1471	5
1472	0
1473	2
1474	2
1475	3
1476	6
1477	1
1478	2
1479	1
1480	6
1481	4
1482	2
1483	3
1484	5
1485	4
1486	5
1487	2
1488	8
1489	4
1490	4
1491	8
1492	3
1493	1
1494	9
1495	5
1496	2
1497	3
1498	1
1499	3
1500	7
1501	1
1502	4
1503	4
1504	1
1505	1
1506	5
1507	5
1508	8
1509	1
1510	5
1511	3
1512	2
1513	5
1514	3
1515	2
1516	5
1517	3
1518	4
1519	2
1520	2
1521	2
1522	4
1523	4
1524	5
1525	1
1526	4
1527	7
1528	5
1529	2
1530	4
1531	3
1532	1
1533	3
1534	3
1535	6
1536	2
1537	5
1538	5
1539	2
1540	4
1541	3
1542	1
1543	4
1544	2
1545	6
1546	4
1547	5
1548	6
1549	3
1550	6
1551	3
1552	7
1553	3
1554	2
1555	5
1556	4
1557	6
1558	2
1559	3
1560	3
1561	6
1562	2
1563	5
1564	2
1565	4
1566	4
1567	5
1568	2
1569	2
1570	5
1571	4
1572	5
1573	3
1574	3
1575	1
1576	6
1577	7
1578	6
1579	1
1580	6
1581	6
1582	4
1583	5
1584	6
1585	7
1586	4
1587	6
1588	3
1589	4
1590	2
1591	3
1592	3
1593	2
1594	4
1595	6
1596	2
1597	3
1598	3
1599	10
1600	3
1601	3
1602	5
1603	6
1604	5
1605	3
1606	2
1607	3
1608	3
1609	5
1610	2
1611	3
1612	7
1613	4
1614	9
1615	8
1616	13
1617	1
1618	4
1619	2
1620	2
1621	5
1622	7
1623	3
1624	2
1625	4
1626	5
1627	4
1628	2
1629	3
1630	3
1631	4
1632	3
1633	7
1634	2
1635	3
1636	6
1637	3
1638	5
1639	5
1640	8
1641	5
1642	5
1643	2
1644	6
1645	5
1646	6
1647	3
1648	3
1649	5
1650	3
1651	1
1652	6
1653	1
1654	8
1655	3
1656	2
1657	5
1658	6
1659	3
1660	4
1661	2
1662	3
1663	7
1664	5
1665	3
1666	10
1667	3
1668	3
1669	4
1670	1
1671	6
1672	4
1673	6
1674	3
1675	2
1676	3
1677	5
1678	4
1679	3
1680	4
1681	3
1682	5
1683	4
1684	6
1685	1
1686	4
1687	5
1688	3
1689	3
1690	1
1691	6
1692	9
1693	4
1694	6
1695	7
1696	4
1697	1
1698	4
1699	7
1700	4
1701	4
1702	6
1703	6
1704	6
1705	3
1706	1
1707	1
1708	6
1709	3
1710	4
1711	6
1712	2
1713	4
1714	6
1715	5
1716	3
1717	2
1718	8
1719	6
1720	7
1721	3
1722	5
1723	5
1724	9
1725	8
1726	9
1727	9
1728	6
1729	0
1730	9
1731	8
1732	8
1733	4
1734	6
1735	3
1736	5
1737	7
1738	4
1739	6
1740	6
1741	7
1742	8
1743	7
1744	8
1745	4
1746	5
1747	5
1748	9
1749	3
1750	9
1751	6
1752	8
1753	5
1754	8
1755	7
1756	7
1757	6
1758	2
1759	4
1760	4
1761	10
1762	10
1763	7
1764	11
1765	3
1766	9
1767	2
1768	6
1769	5
1770	4
1771	6
1772	11
1773	6
1774	6
1775	2
1776	6
1777	7
1778	9
1779	6
1780	6
1781	5
1782	8
1783	3
1784	3
1785	11
1786	6
1787	4
1788	8
1789	3
1790	9
1791	9
1792	5
1793	8
1794	6
1795	6
1796	12
1797	6
1798	6
1799	6
1800	7
1801	9
1802	5
1803	9
1804	7
1805	5
1806	9
1807	5
1808	1
1809	7
1810	5
1811	9
1812	4
1813	8
1814	1
1815	5
1816	6
1817	10
1818	6
1819	8
1820	6
1821	8
1822	12
1823	5
1824	5
1825	7
1826	8
1827	8
1828	7
1829	1
1830	9
1831	12
1832	10
1833	11
1834	3
1835	4
1836	16
1837	9
1838	10
1839	7
1840	15
1841	3
1842	4
1843	9
1844	10
1845	7
1846	4
1847	7
1848	5
1849	4
1850	9
1851	14
1852	5
1853	16
1854	12
1855	14
1856	8
1857	18
1858	10
1859	13
1860	14
1861	5
1862	22
1863	9
1864	15
1865	18
1866	7
1867	10
1868	13
1869	6
1870	15
1871	12
1872	10
1873	11
1874	10
1875	17
1876	12
1877	11
1878	19
1879	10
1880	21
1881	15
1882	19
1883	13
1884	11
1885	20
1886	22
1887	22
1888	22
1889	19
1890	28
1891	17
1892	18
1893	22
1894	30
1895	18
1896	18
1897	29
1898	24
1899	19
1900	36
1901	16
1902	23
1903	22
1904	24
1905	31
1906	24
1907	23
1908	41
1909	20
1910	26
1911	26
1912	28
1913	36
1914	23
1915	30
1916	24
1917	30
1918	35
1919	31
1920	23
1921	24
1922	29
1923	28
1924	27
1925	18
1926	32
1927	22
1928	25
1929	25
1930	18
1931	18
1932	31
1933	22
1934	25
1935	23
1936	31
1937	22
1938	31
1939	18
1940	23
1941	26
1942	18
1943	16
1944	23
1945	22
1946	20
1947	18
1948	28
1949	21
1950	16
1951	25
1952	18
1953	21
1954	20
1955	23
1956	27
1957	17
1958	31
1959	16
1960	25
1961	17
1962	24
1963	15
1964	29
1965	8
1966	20
1967	10
1968	22
1969	22
1970	21
1971	20
1972	16
1973	16
1974	18
1975	14
1976	12
1977	28
1978	10
1979	14
1980	18
1981	13
1982	25
1983	11
1984	14
1985	14
1986	16
1987	11
1988	16
1989	7
1990	15
1991	5
1992	12
1993	13
1994	4
1995	15
1996	18
1997	10
1998	9
1999	1
2000	18
2001	10
2002	11
2003	11
2004	14
2005	6
2006	14
2007	4
2008	6
2009	12
2010	6
2011	4
2012	14
2013	8
2014	7
2015	10
2016	5
2017	10
2018	10
2019	3
2020	12
2021	4
2022	6
2023	3
2024	6
2025	12
2026	4
2027	3
2028	9
2029	7
2030	1
2031	5
2032	4
2033	6
2034	6
2035	4
2036	11
2037	6
2038	3
2039	3
2040	1
2041	5
2042	4
2043	5
2044	4
2045	2
2046	4
2047	9
2048	4
2049	4
2050	1
2051	6
2052	4
2053	4
2054	8
2055	3
2056	6
2057	1
2058	5
2059	4
2060	7
2061	1
2062	3
2063	2
2064	2
2065	7
2066	5
2067	6
2068	4
2069	3
2070	3
2071	4
2072	4
2073	3
2074	2
2075	2
2076	3
2077	5
2078	5
2079	7
2080	5
2081	3
2082	4
2083	6
2084	1
2085	2
2086	3
2087	4
2088	3
2089	4
2090	3
2091	7
2092	4
2093	3
2094	2
2095	3
2096	7
2097	3
2098	4
2099	8
2100	3
2101	4
2102	11
2103	5
2104	4
2105	7
2106	4
2107	3
2108	4
2109	4
2110	9
2111	5
2112	4
2113	2
2114	7
2115	3
2116	7
2117	10
2118	9
2119	6
2120	4
2121	3
2122	4
2123	4
2124	4
2125	6
2126	2
2127	11
2128	3
2129	6
2130	5
2131	10
2132	6
2133	5
2134	10
2135	6
2136	7
2137	7
2138	3
2139	13
2140	12
2141	5
2142	3
2143	8
2144	6
2145	9
2146	6
2147	4
2148	9
2149	9
2150	4
2151	8
2152	11
2153	7
2154	10
2155	3
2156	15
2157	8
2158	10
2159	11
2160	9
2161	4
2162	5
2163	8
2164	8
2165	5
2166	14
2167	4
2168	8
2169	7
2170	9
2171	14
2172	9
2173	7
2174	4
2175	7
2176	3
2177	9
2178	11
2179	9
2180	12
2181	7
2182	7
2183	6
2184	7
2185	6
2186	4
2187	6
2188	10
2189	7
2190	6
2191	10
2192	1
2193	7
2194	12
2195	7
2196	8
2197	4
2198	8
2199	10
2200	3
2201	7
2202	4
2203	9
2204	4
2205	5
2206	12
2207	8
2208	4
2209	5
2210	8
2211	15
2212	7
2213	6
2214	7
2215	11
2216	5
2217	4
2218	7
2219	7
2220	8
2221	6
2222	5
2223	10
2224	5
2225	7
2226	7
2227	13
2228	8
2229	3
2230	6
2231	4
2232	3
2233	5
2234	2
2235	5
2236	3
2237	8
2238	6
2239	5
2240	3
2241	10
2242	4
2243	4
2244	6
2245	7
2246	8
2247	8
2248	6
2249	7
2250	4
2251	10
2252	6
2253	8
2254	10
2255	7
2256	5
2257	4
2258	2
2259	5
2260	4
2261	4
2262	8
2263	4
2264	6
2265	8
2266	6
2267	3
2268	4
2269	6
2270	4
2271	3
2272	6
2273	5
2274	2
2275	1
2276	6
2277	1
2278	6
2279	5
2280	4
2281	7
2282	6
2283	5
2284	3
2285	3
2286	6
2287	1
2288	1
2289	5
2290	4
2291	4
2292	4
2293	5
2294	3
2295	4
2296	3
2297	3
2298	2
2299	9
2300	1
2301	3
2302	4
2303	2
2304	2
2305	5
2306	2
2307	4
2308	3
2309	1
2310	3
2311	2
2312	3
2313	3
2314	3
2315	2
2316	7
2317	2
2318	2
2319	6
2320	2
2321	3
2322	1
2323	5
2324	2
2325	4
2326	7
2327	1
2328	3
2329	4
2330	3
2331	6
2332	4
2333	4
2334	2
2335	2
2336	3
2337	2
2338	3
2339	3
2340	3
2341	2
2342	2
2343	4
2344	2
2345	4
2346	3
2347	5
2348	4
2349	4
2350	3
2351	4
2352	3
2353	5
2354	6
2355	6
2356	4
2357	1
2358	2
2359	1
2360	2
2361	7
2362	5
2363	2
2364	2
2365	6
2366	3
2367	4
2368	1
2369	4
2370	1
2371	5
2372	4
2373	3
2374	2
2375	5
2376	3
2377	4
2378	1
2379	2
2380	2
2381	1
2382	3
2383	3
2384	1
2385	7
2386	2
2387	8
2388	0
2389	2
2390	1
2391	4
2392	3
2393	6
2394	3
2395	6
2396	4
2397	6
2398	3
2399	3
2400	1
2401	5
2402	3
2403	3
2404	5
2405	1
2406	5
2407	2
2408	1
2409	5
2410	2
2411	4
2412	6
2413	3
2414	2
2415	1
2416	2
2417	2
2418	3
2419	0
2420	3
2421	5
2422	2
2423	2
2424	3
2425	3
2426	5
2427	4
2428	2
2429	7
2430	5
2431	3
2432	1
2433	9
2434	4
2435	2
2436	1
2437	3
2438	8
2439	5
2440	5
2441	3
2442	3
2443	3
2444	2
2445	4
2446	5
2447	3
2448	2
2449	1
2450	2
2451	2
2452	2
2453	2
2454	2
2455	2
2456	5
2457	4
2458	0
2459	8
2460	1
2461	9
2462	4
2463	3
2464	2
2465	3
2466	5
2467	2
2468	2
2469	3
2470	7
2471	5
2472	2
2473	4
2474	1
2475	1
2476	2
2477	6
2478	2
2479	1
2480	3
2481	2
2482	4
2483	5
2484	6
2485	3
2486	8
2487	4
2488	5
2489	8
2490	1
2491	3
2492	2
2493	1
2494	2
2495	4
2496	2
2497	2
2498	4
2499	5
2500	3
2501	3
2502	5
2503	4
2504	1
2505	4
2506	3
2507	6
2508	3
2509	4
2510	5
2511	3
2512	4
2513	5
2514	5
2515	4
2516	5
2517	1
2518	4
2519	2
2520	9
2521	11
2522	4
2523	10
2524	5
2525	8
2526	6
2527	1
2528	7
2529	7
2530	6
2531	7
2532	5
2533	5
2534	9
2535	4
2536	3
2537	8
2538	7
2539	1
2540	9
2541	7
2542	4
2543	5
2544	6
2545	4
2546	7
2547	12
2548	6
2549	5
2550	9
2551	4
2552	3
2553	5
2554	8
2555	3
2556	4
2557	4
2558	8
2559	9
2560	7
2561	3
2562	1
2563	3
2564	4
2565	6
2566	10
2567	4
2568	8
2569	9
2570	2
2571	4
2572	11
2573	4
2574	4
2575	5
2576	2
2577	5
2578	4
2579	4
2580	4
2581	3
2582	10
2583	4
2584	3
2585	4
2586	3
2587	3
2588	0
2589	6
2590	4
2591	5
2592	4
2593	5
2594	5
2595	6
2596	5
2597	3
2598	4
2599	8
2600	1
2601	5
2602	3
2603	5
2604	5
2605	4
2606	4
2607	1
2608	4
2609	9
2610	5
2611	4
2612	1
2613	5
2614	3
2615	2
2616	1
2617	5
2618	0
2619	4
2620	4
2621	1
2622	5
2623	1
2624	2
2625	2
2626	3
2627	3
2628	3
2629	1
2630	3
2631	2
2632	3
2633	5
2634	2
2635	3
2636	3
2637	4
2638	4
2639	5
2640	1
2641	2
2642	1
2643	4
2644	4
2645	2
2646	4
2647	3
2648	3
2649	5
2650	0
2651	5
2652	5
2653	3
2654	2
2655	3
2656	6
2657	2
2658	3
2659	2
2660	6
2661	2
2662	6
2663	3
2664	4
2665	2
2666	1
2667	1
2668	2
2669	0
2670	2
2671	4
2672	5
2673	2
2674	2
2675	4
2676	3
2677	1
2678	7
2679	2
2680	0
2681	4
2682	2
2683	5
2684	2
2685	1
2686	2
2687	3
2688	3
2689	0
2690	3
2691	4
2692	3
2693	2
2694	4
2695	1
2696	3
2697	0
2698	2
2699	2
2700	3
2701	3
2702	1
2703	1
2704	1
2705	6
2706	4
2707	7
2708	3
2709	1
2710	4
2711	4
2712	4
2713	4
2714	1
2715	2
2716	3
2717	4
2718	3
2719	3
2720	2
2721	5
2722	2
2723	4
2724	7
2725	2
2726	1
2727	3
2728	1
2729	6
2730	4
2731	3
2732	1
2733	2
2734	3
2735	1
2736	4
2737	2
2738	4
2739	4
2740	2
2741	2
2742	4
2743	1
2744	2
2745	2
2746	7
2747	3
2748	3
2749	4
2750	6
2751	2
2752	3
2753	5
2754	6
2755	10
2756	3
2757	2
2758	2
2759	2
2760	2
2761	4
2762	1
2763	1
2764	2
2765	4
2766	2
2767	2
2768	2
2769	7
2770	3
2771	4
2772	2
2773	2
2774	2
2775	1
2776	2
2777	3
2778	2
2779	6
2780	1
2781	2
2782	1
2783	4
2784	4
2785	4
2786	5
2787	2
2788	4
2789	2
2790	6
2791	4
2792	5
2793	4
2794	3
2795	5
2796	2
2797	4
2798	2
2799	1
2800	2
2801	4
2802	2
2803	4
2804	1
2805	1
2806	6
2807	3
2808	3
2809	2
2810	0
2811	3
2812	3
2813	6
2814	4
2815	2
2816	4
2817	1
2818	2
2819	5
2820	3
2821	0
2822	5
2823	0
2824	2
2825	2
2826	5
2827	4
2828	4
2829	2
2830	5
2831	2
2832	0
2833	2
2834	8
2835	1
2836	2
2837	3
2838	7
2839	3
2840	4
2841	3
2842	5
2843	3
2844	2
2845	2
2846	5
2847	3
2848	2
2849	5
2850	3
2851	6
2852	3
2853	2
2854	3
2855	1
2856	0
2857	5
2858	1
2859	1
2860	2
2861	1
2862	2
2863	2
2864	3
2865	4
2866	4
2867	4
2868	2
2869	1
2870	3
2871	0
2872	4
2873	2
2874	3
2875	2
2876	4
2877	0
2878	4
2879	0
2880	3
2881	8
2882	2
2883	3
2884	4
2885	2
2886	2
2887	5
2888	2
2889	3
2890	1
2891	4
2892	5
2893	3
2894	7
2895	4
2896	2
2897	3
2898	3
2899	6
2900	5
2901	3
2902	0
2903	0
2904	4
2905	7
2906	3
2907	0
2908	1
2909	3
2910	5
2911	5
2912	5
2913	7
2914	4
2915	3
2916	0
2917	1
2918	1
2919	4
2920	4
2921	2
2922	0
2923	3
2924	3
2925	4
2926	1
2927	0
2928	3
2929	3
2930	2
2931	3
2932	2
2933	3
2934	6
2935	3
2936	3
2937	3
2938	3
2939	5
2940	4
2941	2
2942	2
2943	2
2944	2
2945	1
2946	2
2947	4
2948	2
2949	1
2950	6
2951	5
2952	1
2953	4
2954	1
2955	4
2956	4
2957	4
2958	2
2959	0
2960	3
2961	2
2962	6
2963	4
2964	4
2965	2
2966	4
2967	2
2968	2
2969	1
2970	0
2971	2
2972	2
2973	1
2974	2
2975	3
2976	2
2977	9
2978	3
2979	0
2980	5
2981	1
2982	3
2983	2
2984	2
2985	1
2986	1
2987	5
2988	5
2989	1
2990	4
2991	1
2992	1
2993	0
2994	2
2995	3
2996	3
2997	2
2998	1
2999	2
3000	6
3001	2
3002	5
3003	2
3004	2
3005	3
3006	1
3007	1
3008	4
3009	1
3010	4
3011	2
3012	3
3013	2
3014	1
3015	0
3016	2
3017	5
3018	0
3019	4
3020	2
3021	1
3022	3
3023	4
3024	1
3025	2
3026	2
3027	1
3028	3
3029	2
3030	1
3031	5
3032	1
3033	0
3034	3
3035	2
3036	4
3037	1
3038	1
3039	1
3040	2
3041	2
3042	4
3043	5
3044	1
3045	3
3046	3
3047	0
3048	1
3049	2
3050	1
3051	0
3052	2
3053	4
3054	2
3055	0
3056	2
3057	0
3058	2
3059	2
3060	2
3061	3
3062	4
3063	3
3064	1
3065	4
3066	2
3067	6
3068	2
3069	3
3070	1
3071	1
3072	4
3073	2
3074	6
3075	3
3076	4
3077	5
3078	2
3079	3
3080	1
3081	7
3082	4
3083	4
3084	5
3085	3
3086	2
3087	0
3088	2
3089	1
3090	3
3091	3
3092	1
3093	1
3094	2
3095	1
3096	1
3097	2
3098	1
3099	0
3100	3
3101	2
3102	1
3103	1
3104	3
3105	2
3106	3
3107	2
3108	2
3109	1
3110	3
3111	3
3112	0
3113	3
3114	3
3115	2
3116	4
3117	6
3118	0
3119	0
3120	2
3121	3
3122	2
3123	4
3124	4
3125	3
3126	1
3127	2
3128	2
3129	2
3130	2
3131	2
3132	3
3133	0
3134	3
3135	4
3136	4
3137	1
3138	2
3139	2
3140	2
3141	1
3142	2
3143	2
3144	2
3145	3
3146	3
3147	3
3148	5
3149	4
3150	1
3151	1
3152	1
3153	0
3154	0
3155	1
3156	2
3157	2
3158	3
3159	1
3160	1
3161	3
3162	1
3163	1
3164	2
3165	1
3166	4
3167	1
3168	3
3169	1
3170	1
3171	1
3172	3
3173	2
3174	1
3175	0
3176	0
3177	6
3178	0
3179	1
3180	1
3181	2
3182	1
3183	2
3184	1
3185	4
3186	2
3187	1
3188	2
3189	2
3190	8
3191	1
3192	1
3193	2
3194	2
3195	2
3196	4
3197	3
3198	2
3199	4
3200	0
3201	1
3202	0
3203	2
3204	4
3205	2
3206	2
3207	0
3208	3
3209	2
3210	1
3211	1
3212	1
3213	2
3214	1
3215	0
3216	2
3217	1
3218	0
3219	1
3220	3
3221	4
3222	0
3223	0
3224	2
3225	3
3226	3
3227	3
3228	1
3229	3
3230	0
3231	3
3232	2
3233	4
3234	3
3235	4
3236	2
3237	1
3238	2
3239	0
3240	1
3241	4
3242	1
3243	3
3244	4
3245	0
3246	0
3247	1
3248	3
3249	6
3250	1
3251	1
3252	2
3253	3
3254	1
3255	1
3256	2
3257	1
3258	2
3259	1
3260	1
3261	1
3262	0
3263	2
3264	3
3265	0
3266	1
3267	1
3268	2
3269	3
3270	2
3271	2
3272	2
3273	0
3274	0
3275	0
3276	1
3277	4
3278	2
3279	3
3280	1
3281	0
3282	0
3283	0
3284	1
3285	0
3286	5
3287	0
3288	2
3289	3
3290	1
3291	4
3292	3
3293	1
3294	3
3295	2
3296	0
3297	1
3298	0
3299	0
3300	2
3301	0
3302	2
3303	1
3304	0
3305	2
3306	2
3307	1
3308	5
3309	3
3310	2
3311	2
3312	2
3313	1
3314	2
3315	3
3316	1
3317	3
3318	3
3319	2
3320	1
3321	2
3322	2
3323	0
3324	1
3325	3
3326	2
3327	0
3328	5
3329	1
3330	2
3331	1
3332	4
3333	3
3334	5
3335	1
3336	0
3337	1
3338	1
3339	2
3340	0
3341	1
3342	2
3343	0
3344	0
3345	2
3346	0
3347	2
3348	1
3349	2
3350	0
3351	0
3352	0
3353	2
3354	0
3355	2
3356	0
3357	1
3358	4
3359	1
3360	1
3361	1
3362	2
3363	3
3364	1
3365	2
3366	3
3367	2
3368	1
3369	3
3370	0
3371	0
3372	3
3373	1
3374	3
3375	2
3376	2
3377	1
3378	0
3379	1
3380	2
3381	0
3382	0
3383	2
3384	2
3385	2
3386	2
3387	3
3388	2
3389	2
3390	0
3391	1
3392	2
3393	0
3394	1
3395	2
3396	0
3397	2
3398	4
3399	0
3400	0
3401	0
3402	1
3403	0
3404	1
3405	4
3406	0
3407	0
3408	2
3409	1
3410	2
3411	2
3412	1
3413	1
3414	2
3415	0
3416	1
3417	1
3418	0
3419	2
3420	0
3421	0
3422	1
3423	0
3424	2
3425	4
3426	0
3427	1
3428	3
3429	0
3430	1
3431	1
3432	0
3433	4
3434	1
3435	3
3436	0
3437	0
3438	1
3439	1
3440	1
3441	2
3442	0
3443	0
3444	0
3445	3
3446	1
3447	0
3448	0
3449	2
3450	1
3451	1
3452	0
3453	2
3454	0
3455	1
3456	1
3457	0
3458	1
3459	2
3460	1
3461	0
3462	2
3463	1
3464	1
3465	4
3466	0
3467	1
3468	2
3469	2
3470	1
3471	0
3472	2
3473	1
3474	2
3475	0
3476	1
3477	1
3478	2
3479	0
3480	3
3481	1
3482	0
3483	1
3484	0
3485	1
3486	0
3487	1
3488	1
3489	0
3490	1
3491	1
3492	1
3493	2
3494	1
3495	0
3496	0
3497	0
3498	2
3499	1
3500	1
3501	0
3502	0
3503	1
3504	1
3505	3
3506	0
3507	1
3508	1
3509	0
3510	1
3511	0
3512	0
3513	2
3514	1
3515	0
3516	0
3517	3
3518	0
3519	0
3520	1
3521	1
3522	0
3523	0
3524	3
3525	0
3526	2
3527	1
3528	2
3529	2
3530	3
3531	1
3532	0
3533	0
3534	0
3535	0
3536	1
3537	1
3538	2
3539	2
3540	1
3541	3
3542	1
3543	2
3544	0
3545	1
3546	2
3547	2
3548	2
3549	2
3550	1
3551	1
3552	0
3553	0
3554	0
3555	0
3556	2
3557	1
3558	1
3559	0
3560	2
3561	1
3562	0
3563	1
3564	1
3565	0
3566	0
3567	0
3568	2
3569	1
3570	1
3571	1
3572	2
3573	1
3574	0
3575	0
3576	0
3577	1
3578	1
3579	0
3580	2
3581	0
3582	1
3583	0
3584	2
3585	0
3586	0
3587	0
3588	2
3589	0
3590	0
3591	0
3592	1
3593	2
3594	0
3595	0
3596	0
3597	1
3598	0
3599	0
3600	2
3601	0
3602	1
3603	0
3604	3
3605	0
3606	2
3607	1
3608	2
3609	1
3610	0
3611	2
3612	3
3613	0
3614	0
3615	2
3616	0
3617	0
3618	1
3619	1
3620	1
3621	0
3622	0
3623	1
3624	0
3625	0
3626	0
3627	1
3628	0
3629	0
3630	0
3631	2
3632	0
3633	2
3634	0
3635	2
3636	1
3637	1
3638	1
3639	0
3640	3
3641	0
3642	1
3643	1
3644	1
3645	0
3646	0
3647	2
3648	3
3649	1
3650	1
3651	2
3652	2
3653	1
3654	1
3655	1
3656	1
3657	0
3658	0
3659	0
3660	0
3661	0
3662	2
3663	1
3664	1
3665	0
3666	0
3667	1
3668	2
3669	0
3670	1
3671	0
3672	0
3673	2
3674	0
3675	1
3676	1
3677	0
3678	1
3679	1
3680	0
3681	1
3682	0
3683	0
3684	1
3685	0
3686	2
3687	0
3688	1
3689	0
3690	1
3691	0
3692	0
3693	0
3694	0
3695	0
3696	1
3697	0
3698	0
3699	1
3700	0
3701	0
3702	0
3703	0
3704	0
3705	1
3706	0
3707	0
3708	0
3709	0
3710	0
3711	1
3712	0
3713	1
3714	2
3715	1
3716	0
3717	0
3718	0
3719	1
3720	1
3721	0
3722	0
3723	0
3724	0
3725	0
3726	0
3727	1
3728	2
3729	1
3730	0
3731	0
3732	1
3733	1
3734	1
3735	0
3736	0
3737	1
3738	0
3739	0
3740	0
3741	0
3742	0
3743	0
3744	1
3745	0
3746	0
3747	0
3748	0
3749	0
3750	1
3751	1
3752	0
3753	0
3754	0
3755	1
3756	0
3757	0
3758	0
3759	0
3760	0
3761	0
3762	0
3763	0
3764	0
3765	1
3766	0
3767	0
3768	0
3769	1
3770	0
3771	0
3772	1
3773	0
3774	0
3775	2
3776	0
3777	0
3778	1
3779	0
3780	0
3781	0
3782	0
3783	0
3784	0
3785	0
3786	0
3787	0
3788	1
3789	1
3790	0
3791	1
3792	0
3793	0
3794	0
3795	0
3796	0
3797	0
3798	0
3799	0
3800	0
3801	0
3802	0
3803	1
3804	0
3805	0
3806	0
3807	1
3808	0
3809	0
3810	0
3811	0
3812	0
3813	0
3814	0
3815	1
3816	0
3817	0
3818	0
3819	0
3820	0
3821	0
3822	1
3823	0
3824	0
3825	0
3826	0
3827	0
3828	0
3829	0
3830	1
3831	1
3832	0
3833	0
3834	0
3835	0
3836	0
3837	1
3838	1
3839	0
3840	0
3841	1
3842	0
3843	0
3844	0
3845	0
3846	2
3847	0
3848	0
3849	0
3850	0
3851	0
3852	0
3853	0
3854	0
3855	0
3856	0
3857	0
3858	1
3859	0
3860	0
3861	0
3862	0
3863	0
3864	0
3865	0
3866	0
3867	0
3868	0
3869	0
3870	0
3871	0
3872	0
3873	0
3874	0
3875	0
3876	0
3877	0
3878	0
3879	0
3880	0
3881	0
3882	0
3883	1
3884	0
3885	0
3886	0
3887	0
3888	0
3889	0
3890	0
3891	0
3892	1
3893	0
3894	0
3895	0
3896	0
3897	0
3898	0
3899	0
3900	0
3901	0
3902	0
3903	0
3904	0
3905	0
3906	0
3907	0
3908	1
3909	0
3910	0
3911	0
3912	0
3913	0
3914	0
3915	0
3916	0
3917	0
3918	0
3919	1
3920	0
3921	0
3922	0
3923	0
3924	0
3925	0
3926	0
3927	0
3928	0
3929	0
3930	0
3931	0
3932	0
3933	0
3934	0
3935	0
3936	0
3937	0
3938	0
3939	0
3940	0
3941	0
3942	1
3943	0
3944	0
3945	0
3946	0
3947	0
3948	0
3949	1
3950	0
3951	0
3952	1
3953	0
3954	0
3955	0
3956	0
3957	0
3958	0
3959	0
3960	0
3961	0
3962	0
3963	0
3964	0
3965	0
3966	0
3967	0
3968	0
3969	0
3970	0
3971	0
3972	0
3973	0
3974	0
3975	0
3976	0
3977	1
3978	0
3979	0
3980	0
3981	0
3982	0
3983	0
3984	0
3985	0
3986	0
3987	0
3988	0
3989	0
3990	0
3991	0
3992	0
3993	0
3994	0
3995	0
3996	0
3997	0
3998	0
3999	0
4000	0
