Channel number	Impulses
Channel/#	Impulses/#

0	0
1	0
2	0
3	0
4	0
5	0
6	0
7	0
8	0
9	0
10	0
11	0
12	0
13	0
14	0
15	0
16	0
17	0
18	0
19	0
20	0
21	0
22	0
23	0
24	0
25	0
26	0
27	0
28	0
29	0
30	0
31	0
32	0
33	0
34	0
35	0
36	0
37	0
38	0
39	0
40	0
41	0
42	0
43	0
44	0
45	0
46	0
47	0
48	0
49	1
50	0
51	0
52	3
53	1
54	0
55	1
56	3
57	2
58	2
59	6
60	5
61	4
62	2
63	4
64	7
65	2
66	0
67	1
68	1
69	7
70	3
71	3
72	7
73	3
74	5
75	4
76	3
77	5
78	4
79	4
80	6
81	5
82	7
83	4
84	3
85	5
86	3
87	3
88	0
89	3
90	7
91	4
92	3
93	2
94	2
95	7
96	0
97	3
98	0
99	3
100	4
101	2
102	2
103	0
104	2
105	6
106	3
107	2
108	4
109	3
110	2
111	2
112	2
113	1
114	5
115	0
116	1
117	3
118	0
119	1
120	1
121	3
122	3
123	2
124	1
125	2
126	1
127	3
128	1
129	1
130	3
131	4
132	3
133	5
134	2
135	2
136	0
137	2
138	1
139	1
140	2
141	3
142	0
143	2
144	3
145	4
146	0
147	2
148	0
149	4
150	1
151	0
152	1
153	0
154	2
155	4
156	1
157	0
158	1
159	2
160	3
161	0
162	1
163	2
164	2
165	2
166	4
167	2
168	2
169	1
170	3
171	1
172	0
173	2
174	3
175	0
176	1
177	2
178	1
179	2
180	0
181	2
182	0
183	1
184	1
185	1
186	0
187	3
188	3
189	2
190	3
191	1
192	1
193	0
194	2
195	1
196	1
197	1
198	1
199	0
200	0
201	0
202	0
203	0
204	0
205	2
206	2
207	8
208	1
209	2
210	0
211	0
212	0
213	0
214	1
215	2
216	1
217	2
218	2
219	2
220	0
221	0
222	2
223	2
224	0
225	1
226	4
227	1
228	4
229	1
230	1
231	0
232	1
233	1
234	2
235	1
236	1
237	2
238	1
239	0
240	2
241	2
242	2
243	3
244	1
245	1
246	2
247	1
248	2
249	1
250	0
251	2
252	3
253	4
254	1
255	4
256	1
257	1
258	2
259	1
260	1
261	0
262	2
263	1
264	1
265	1
266	2
267	1
268	0
269	0
270	0
271	0
272	0
273	1
274	2
275	1
276	0
277	0
278	1
279	2
280	1
281	2
282	2
283	1
284	1
285	3
286	2
287	0
288	2
289	0
290	1
291	0
292	2
293	0
294	1
295	0
296	2
297	0
298	1
299	1
300	0
301	4
302	1
303	0
304	1
305	1
306	1
307	1
308	0
309	1
310	1
311	1
312	0
313	0
314	0
315	0
316	2
317	0
318	0
319	0
320	0
321	1
322	1
323	2
324	0
325	1
326	0
327	1
328	0
329	1
330	1
331	0
332	1
333	1
334	0
335	0
336	0
337	1
338	0
339	3
340	1
341	0
342	2
343	0
344	0
345	0
346	3
347	2
348	1
349	1
350	1
351	2
352	0
353	1
354	1
355	1
356	1
357	0
358	0
359	0
360	1
361	1
362	2
363	1
364	0
365	0
366	0
367	0
368	0
369	1
370	1
371	0
372	0
373	1
374	1
375	0
376	0
377	0
378	0
379	1
380	0
381	0
382	2
383	2
384	0
385	0
386	3
387	0
388	1
389	1
390	0
391	0
392	0
393	1
394	1
395	0
396	0
397	1
398	0
399	0
400	2
401	2
402	2
403	0
404	2
405	0
406	0
407	1
408	2
409	0
410	0
411	1
412	1
413	1
414	2
415	1
416	0
417	0
418	1
419	0
420	2
421	0
422	1
423	0
424	0
425	0
426	0
427	1
428	2
429	1
430	0
431	0
432	1
433	0
434	1
435	0
436	1
437	1
438	1
439	1
440	0
441	0
442	0
443	0
444	2
445	1
446	0
447	3
448	0
449	0
450	0
451	0
452	2
453	1
454	1
455	0
456	0
457	0
458	1
459	0
460	2
461	0
462	0
463	0
464	0
465	2
466	0
467	1
468	0
469	1
470	1
471	0
472	3
473	0
474	1
475	1
476	0
477	3
478	3
479	1
480	0
481	1
482	0
483	0
484	3
485	1
486	0
487	0
488	1
489	0
490	2
491	1
492	1
493	0
494	1
495	0
496	1
497	2
498	2
499	2
500	0
501	0
502	0
503	1
504	1
505	0
506	2
507	1
508	0
509	0
510	0
511	0
512	0
513	0
514	1
515	1
516	0
517	1
518	3
519	1
520	0
521	1
522	1
523	0
524	1
525	1
526	2
527	0
528	3
529	1
530	2
531	0
532	0
533	0
534	1
535	1
536	0
537	1
538	2
539	4
540	1
541	1
542	1
543	0
544	0
545	0
546	2
547	2
548	0
549	0
550	0
551	2
552	0
553	2
554	0
555	0
556	0
557	2
558	0
559	0
560	1
561	0
562	0
563	0
564	1
565	2
566	0
567	2
568	0
569	1
570	0
571	0
572	0
573	0
574	3
575	0
576	1
577	0
578	0
579	0
580	0
581	1
582	1
583	3
584	1
585	1
586	2
587	0
588	0
589	0
590	0
591	0
592	0
593	2
594	0
595	2
596	0
597	0
598	0
599	0
600	0
601	0
602	0
603	0
604	1
605	1
606	0
607	0
608	0
609	0
610	3
611	0
612	2
613	0
614	0
615	0
616	1
617	2
618	0
619	1
620	2
621	0
622	0
623	0
624	1
625	0
626	2
627	1
628	2
629	0
630	1
631	1
632	1
633	0
634	0
635	1
636	1
637	1
638	0
639	1
640	0
641	2
642	0
643	1
644	1
645	0
646	0
647	0
648	2
649	0
650	0
651	0
652	0
653	2
654	2
655	0
656	1
657	0
658	0
659	1
660	1
661	1
662	2
663	0
664	1
665	0
666	1
667	1
668	0
669	1
670	0
671	1
672	0
673	2
674	0
675	0
676	0
677	1
678	0
679	3
680	1
681	1
682	0
683	1
684	2
685	0
686	0
687	1
688	0
689	2
690	0
691	0
692	1
693	0
694	0
695	1
696	0
697	1
698	1
699	1
700	0
701	0
702	1
703	1
704	0
705	2
706	2
707	0
708	1
709	0
710	1
711	0
712	1
713	0
714	0
715	0
716	3
717	1
718	1
719	0
720	1
721	2
722	0
723	1
724	1
725	0
726	1
727	3
728	1
729	2
730	1
731	1
732	3
733	0
734	1
735	0
736	2
737	1
738	1
739	1
740	1
741	0
742	0
743	0
744	0
745	0
746	1
747	0
748	1
749	2
750	0
751	1
752	0
753	0
754	0
755	1
756	0
757	1
758	2
759	3
760	1
761	0
762	1
763	0
764	0
765	1
766	0
767	1
768	2
769	1
770	1
771	1
772	0
773	3
774	2
775	2
776	0
777	0
778	1
779	0
780	2
781	1
782	0
783	1
784	0
785	0
786	1
787	0
788	2
789	2
790	1
791	3
792	0
793	1
794	4
795	0
796	0
797	1
798	1
799	1
800	0
801	0
802	0
803	2
804	1
805	1
806	0
807	1
808	2
809	1
810	0
811	0
812	2
813	2
814	2
815	2
816	3
817	0
818	2
819	1
820	2
821	4
822	2
823	0
824	1
825	4
826	1
827	2
828	0
829	0
830	2
831	2
832	1
833	2
834	0
835	1
836	4
837	3
838	2
839	0
840	3
841	0
842	4
843	3
844	0
845	3
846	0
847	2
848	1
849	3
850	1
851	3
852	1
853	0
854	3
855	1
856	4
857	2
858	2
859	1
860	1
861	3
862	3
863	0
864	0
865	0
866	0
867	1
868	1
869	2
870	2
871	1
872	0
873	1
874	1
875	3
876	2
877	3
878	6
879	1
880	0
881	0
882	2
883	1
884	2
885	0
886	1
887	1
888	1
889	1
890	1
891	2
892	0
893	0
894	1
895	0
896	0
897	1
898	0
899	1
900	1
901	1
902	3
903	1
904	2
905	1
906	0
907	0
908	0
909	0
910	2
911	0
912	2
913	0
914	1
915	2
916	2
917	3
918	2
919	1
920	0
921	2
922	2
923	1
924	2
925	2
926	1
927	1
928	1
929	2
930	1
931	1
932	1
933	2
934	1
935	2
936	1
937	2
938	1
939	1
940	1
941	2
942	3
943	4
944	1
945	0
946	1
947	3
948	4
949	3
950	4
951	0
952	1
953	1
954	2
955	0
956	4
957	1
958	1
959	4
960	0
961	1
962	1
963	1
964	2
965	2
966	1
967	1
968	0
969	1
970	0
971	3
972	0
973	1
974	2
975	1
976	1
977	2
978	2
979	3
980	2
981	1
982	1
983	2
984	2
985	1
986	1
987	2
988	1
989	1
990	2
991	0
992	1
993	2
994	1
995	2
996	6
997	2
998	0
999	2
1000	1
1001	1
1002	2
1003	1
1004	1
1005	1
1006	4
1007	3
1008	1
1009	2
1010	4
1011	0
1012	1
1013	5
1014	2
1015	1
1016	1
1017	3
1018	3
1019	0
1020	2
1021	1
1022	2
1023	2
1024	1
1025	2
1026	0
1027	2
1028	1
1029	1
1030	0
1031	2
1032	0
1033	2
1034	0
1035	0
1036	0
1037	2
1038	2
1039	2
1040	3
1041	0
1042	1
1043	1
1044	2
1045	2
1046	2
1047	0
1048	3
1049	1
1050	2
1051	2
1052	1
1053	2
1054	2
1055	3
1056	2
1057	2
1058	2
1059	2
1060	0
1061	0
1062	1
1063	3
1064	1
1065	1
1066	1
1067	1
1068	0
1069	2
1070	2
1071	1
1072	1
1073	4
1074	2
1075	2
1076	2
1077	1
1078	2
1079	1
1080	0
1081	1
1082	1
1083	2
1084	3
1085	2
1086	2
1087	1
1088	0
1089	3
1090	4
1091	1
1092	2
1093	0
1094	1
1095	1
1096	3
1097	1
1098	1
1099	0
1100	1
1101	3
1102	0
1103	4
1104	3
1105	1
1106	1
1107	3
1108	0
1109	1
1110	0
1111	2
1112	3
1113	3
1114	3
1115	1
1116	1
1117	1
1118	1
1119	2
1120	2
1121	5
1122	3
1123	2
1124	3
1125	1
1126	1
1127	3
1128	1
1129	0
1130	0
1131	1
1132	2
1133	2
1134	1
1135	5
1136	1
1137	1
1138	1
1139	3
1140	1
1141	2
1142	5
1143	1
1144	2
1145	2
1146	2
1147	2
1148	1
1149	1
1150	2
1151	2
1152	1
1153	5
1154	2
1155	4
1156	3
1157	4
1158	1
1159	1
1160	2
1161	2
1162	0
1163	1
1164	2
1165	3
1166	1
1167	4
1168	0
1169	5
1170	3
1171	0
1172	4
1173	1
1174	3
1175	1
1176	2
1177	3
1178	4
1179	2
1180	1
1181	2
1182	0
1183	2
1184	0
1185	2
1186	2
1187	4
1188	2
1189	2
1190	0
1191	1
1192	2
1193	3
1194	0
1195	4
1196	6
1197	1
1198	1
1199	3
1200	1
1201	1
1202	4
1203	2
1204	3
1205	2
1206	4
1207	1
1208	2
1209	0
1210	0
1211	2
1212	1
1213	2
1214	2
1215	0
1216	0
1217	2
1218	3
1219	1
1220	2
1221	3
1222	5
1223	7
1224	4
1225	3
1226	2
1227	1
1228	4
1229	2
1230	1
1231	3
1232	2
1233	2
1234	4
1235	4
1236	2
1237	2
1238	3
1239	1
1240	4
1241	2
1242	1
1243	1
1244	1
1245	2
1246	4
1247	4
1248	4
1249	7
1250	5
1251	2
1252	5
1253	3
1254	3
1255	1
1256	1
1257	3
1258	2
1259	3
1260	4
1261	0
1262	1
1263	8
1264	0
1265	0
1266	5
1267	3
1268	2
1269	1
1270	4
1271	0
1272	1
1273	2
1274	1
1275	3
1276	2
1277	6
1278	0
1279	2
1280	1
1281	3
1282	2
1283	1
1284	2
1285	3
1286	6
1287	1
1288	3
1289	1
1290	5
1291	2
1292	3
1293	5
1294	4
1295	1
1296	3
1297	1
1298	3
1299	2
1300	1
1301	4
1302	2
1303	1
1304	2
1305	4
1306	2
1307	5
1308	1
1309	4
1310	6
1311	2
1312	1
1313	2
1314	5
1315	3
1316	5
1317	0
1318	4
1319	5
1320	2
1321	2
1322	2
1323	1
1324	0
1325	2
1326	4
1327	2
1328	0
1329	4
1330	5
1331	1
1332	4
1333	3
1334	4
1335	4
1336	3
1337	1
1338	3
1339	3
1340	5
1341	4
1342	3
1343	8
1344	0
1345	3
1346	0
1347	1
1348	7
1349	3
1350	4
1351	2
1352	1
1353	6
1354	2
1355	3
1356	7
1357	5
1358	5
1359	4
1360	2
1361	0
1362	1
1363	2
1364	1
1365	1
1366	1
1367	2
1368	2
1369	7
1370	2
1371	2
1372	3
1373	3
1374	4
1375	1
1376	2
1377	1
1378	2
1379	1
1380	5
1381	1
1382	4
1383	1
1384	2
1385	4
1386	3
1387	4
1388	3
1389	9
1390	1
1391	2
1392	5
1393	2
1394	2
1395	3
1396	3
1397	4
1398	4
1399	2
1400	3
1401	0
1402	1
1403	0
1404	1
1405	1
1406	6
1407	4
1408	3
1409	2
1410	4
1411	3
1412	1
1413	0
1414	5
1415	0
1416	3
1417	2
1418	0
1419	2
1420	4
1421	4
1422	3
1423	0
1424	3
1425	4
1426	3
1427	2
1428	6
1429	2
1430	3
1431	3
1432	7
1433	5
1434	3
1435	7
1436	2
1437	5
1438	3
1439	2
1440	1
1441	2
1442	4
1443	5
1444	7
1445	6
1446	3
1447	6
1448	2
1449	6
1450	3
1451	5
1452	5
1453	5
1454	2
1455	2
1456	0
1457	7
1458	3
1459	2
1460	5
1461	3
1462	5
1463	5
1464	2
1465	4
1466	4
1467	5
1468	2
1469	4
1470	6
1471	4
1472	7
1473	2
1474	9
1475	3
1476	3
1477	3
1478	5
1479	2
1480	6
1481	1
1482	4
1483	1
1484	5
1485	3
1486	6
1487	7
1488	2
1489	4
1490	4
1491	1
1492	3
1493	5
1494	4
1495	5
1496	3
1497	3
1498	3
1499	4
1500	5
1501	8
1502	3
1503	7
1504	6
1505	0
1506	1
1507	1
1508	7
1509	4
1510	4
1511	1
1512	1
1513	4
1514	5
1515	3
1516	2
1517	7
1518	2
1519	0
1520	3
1521	2
1522	2
1523	8
1524	1
1525	2
1526	8
1527	6
1528	5
1529	7
1530	6
1531	5
1532	9
1533	4
1534	2
1535	4
1536	2
1537	5
1538	1
1539	5
1540	4
1541	1
1542	2
1543	3
1544	2
1545	4
1546	5
1547	1
1548	4
1549	1
1550	2
1551	2
1552	3
1553	3
1554	2
1555	2
1556	4
1557	5
1558	5
1559	3
1560	4
1561	3
1562	3
1563	3
1564	3
1565	4
1566	2
1567	10
1568	4
1569	5
1570	3
1571	6
1572	7
1573	2
1574	6
1575	2
1576	4
1577	5
1578	5
1579	1
1580	5
1581	5
1582	2
1583	7
1584	1
1585	2
1586	7
1587	8
1588	4
1589	0
1590	4
1591	1
1592	4
1593	4
1594	5
1595	7
1596	3
1597	7
1598	7
1599	9
1600	1
1601	5
1602	2
1603	2
1604	7
1605	3
1606	6
1607	1
1608	3
1609	4
1610	2
1611	2
1612	4
1613	6
1614	4
1615	2
1616	3
1617	1
1618	1
1619	5
1620	4
1621	6
1622	6
1623	2
1624	1
1625	2
1626	3
1627	5
1628	4
1629	4
1630	5
1631	6
1632	1
1633	3
1634	7
1635	6
1636	4
1637	4
1638	4
1639	2
1640	3
1641	5
1642	6
1643	5
1644	8
1645	4
1646	4
1647	6
1648	3
1649	3
1650	4
1651	3
1652	4
1653	7
1654	5
1655	4
1656	4
1657	1
1658	1
1659	6
1660	3
1661	3
1662	4
1663	2
1664	0
1665	8
1666	3
1667	4
1668	4
1669	4
1670	5
1671	2
1672	4
1673	3
1674	6
1675	3
1676	5
1677	2
1678	9
1679	6
1680	4
1681	6
1682	1
1683	2
1684	2
1685	5
1686	6
1687	3
1688	3
1689	7
1690	8
1691	7
1692	10
1693	2
1694	3
1695	6
1696	6
1697	3
1698	5
1699	4
1700	8
1701	3
1702	2
1703	3
1704	3
1705	5
1706	3
1707	6
1708	10
1709	3
1710	7
1711	3
1712	3
1713	4
1714	2
1715	7
1716	4
1717	4
1718	4
1719	2
1720	3
1721	6
1722	2
1723	3
1724	7
1725	5
1726	4
1727	5
1728	3
1729	3
1730	5
1731	7
1732	5
1733	6
1734	9
1735	7
1736	5
1737	7
1738	3
1739	5
1740	9
1741	7
1742	8
1743	10
1744	8
1745	6
1746	5
1747	9
1748	5
1749	6
1750	7
1751	3
1752	6
1753	13
1754	8
1755	6
1756	10
1757	3
1758	7
1759	5
1760	3
1761	6
1762	10
1763	7
1764	11
1765	7
1766	12
1767	2
1768	8
1769	2
1770	0
1771	9
1772	11
1773	5
1774	12
1775	3
1776	9
1777	7
1778	10
1779	4
1780	9
1781	5
1782	7
1783	4
1784	9
1785	10
1786	6
1787	2
1788	13
1789	11
1790	4
1791	7
1792	3
1793	6
1794	7
1795	6
1796	9
1797	14
1798	10
1799	4
1800	6
1801	7
1802	8
1803	6
1804	13
1805	7
1806	7
1807	7
1808	12
1809	6
1810	5
1811	10
1812	9
1813	6
1814	8
1815	7
1816	12
1817	4
1818	4
1819	10
1820	13
1821	7
1822	7
1823	8
1824	15
1825	8
1826	10
1827	4
1828	10
1829	8
1830	9
1831	6
1832	5
1833	12
1834	8
1835	6
1836	12
1837	7
1838	6
1839	10
1840	17
1841	15
1842	15
1843	15
1844	14
1845	10
1846	17
1847	11
1848	8
1849	12
1850	20
1851	17
1852	12
1853	17
1854	12
1855	13
1856	21
1857	19
1858	13
1859	18
1860	18
1861	9
1862	26
1863	18
1864	20
1865	26
1866	14
1867	14
1868	19
1869	16
1870	21
1871	24
1872	27
1873	18
1874	19
1875	20
1876	28
1877	16
1878	26
1879	17
1880	18
1881	20
1882	25
1883	11
1884	29
1885	23
1886	27
1887	14
1888	31
1889	19
1890	21
1891	32
1892	37
1893	16
1894	15
1895	22
1896	20
1897	26
1898	20
1899	28
1900	31
1901	27
1902	33
1903	22
1904	17
1905	21
1906	21
1907	32
1908	35
1909	25
1910	31
1911	23
1912	18
1913	23
1914	9
1915	30
1916	20
1917	19
1918	28
1919	20
1920	17
1921	21
1922	23
1923	19
1924	22
1925	12
1926	25
1927	8
1928	21
1929	15
1930	11
1931	13
1932	17
1933	18
1934	13
1935	14
1936	21
1937	17
1938	21
1939	19
1940	19
1941	8
1942	17
1943	14
1944	13
1945	17
1946	13
1947	13
1948	9
1949	12
1950	18
1951	13
1952	11
1953	12
1954	20
1955	18
1956	23
1957	12
1958	19
1959	12
1960	7
1961	13
1962	18
1963	13
1964	15
1965	14
1966	13
1967	7
1968	9
1969	11
1970	13
1971	17
1972	7
1973	12
1974	11
1975	8
1976	18
1977	17
1978	12
1979	12
1980	14
1981	7
1982	15
1983	13
1984	12
1985	11
1986	12
1987	8
1988	17
1989	10
1990	10
1991	4
1992	15
1993	10
1994	6
1995	10
1996	8
1997	15
1998	6
1999	7
2000	10
2001	9
2002	9
2003	12
2004	5
2005	6
2006	10
2007	1
2008	6
2009	9
2010	9
2011	11
2012	10
2013	9
2014	14
2015	5
2016	6
2017	8
2018	5
2019	3
2020	6
2021	5
2022	8
2023	4
2024	5
2025	8
2026	1
2027	5
2028	4
2029	7
2030	5
2031	5
2032	7
2033	6
2034	1
2035	6
2036	10
2037	2
2038	6
2039	6
2040	5
2041	5
2042	6
2043	9
2044	2
2045	4
2046	4
2047	5
2048	2
2049	4
2050	2
2051	9
2052	2
2053	3
2054	8
2055	3
2056	1
2057	4
2058	8
2059	2
2060	7
2061	6
2062	5
2063	4
2064	4
2065	5
2066	5
2067	2
2068	7
2069	5
2070	4
2071	6
2072	7
2073	7
2074	1
2075	5
2076	4
2077	7
2078	4
2079	6
2080	5
2081	5
2082	5
2083	8
2084	4
2085	4
2086	4
2087	7
2088	2
2089	6
2090	8
2091	6
2092	12
2093	5
2094	4
2095	3
2096	8
2097	5
2098	6
2099	11
2100	4
2101	3
2102	4
2103	5
2104	2
2105	14
2106	4
2107	9
2108	7
2109	7
2110	7
2111	10
2112	7
2113	8
2114	6
2115	10
2116	7
2117	5
2118	5
2119	6
2120	9
2121	13
2122	4
2123	5
2124	7
2125	6
2126	7
2127	9
2128	2
2129	5
2130	7
2131	12
2132	10
2133	3
2134	10
2135	11
2136	11
2137	12
2138	9
2139	9
2140	11
2141	12
2142	7
2143	10
2144	8
2145	7
2146	7
2147	8
2148	13
2149	7
2150	18
2151	4
2152	9
2153	12
2154	6
2155	9
2156	11
2157	4
2158	5
2159	7
2160	6
2161	6
2162	8
2163	12
2164	6
2165	9
2166	9
2167	7
2168	5
2169	6
2170	6
2171	6
2172	3
2173	4
2174	5
2175	5
2176	6
2177	7
2178	8
2179	7
2180	11
2181	5
2182	10
2183	1
2184	7
2185	10
2186	4
2187	4
2188	6
2189	4
2190	6
2191	3
2192	8
2193	6
2194	4
2195	2
2196	3
2197	2
2198	2
2199	3
2200	4
2201	2
2202	5
2203	5
2204	7
2205	5
2206	2
2207	5
2208	9
2209	4
2210	10
2211	6
2212	5
2213	7
2214	5
2215	3
2216	5
2217	3
2218	8
2219	7
2220	6
2221	6
2222	2
2223	10
2224	3
2225	3
2226	2
2227	7
2228	4
2229	4
2230	4
2231	6
2232	5
2233	8
2234	7
2235	6
2236	3
2237	2
2238	3
2239	9
2240	3
2241	3
2242	3
2243	1
2244	4
2245	4
2246	4
2247	7
2248	2
2249	4
2250	2
2251	4
2252	2
2253	3
2254	5
2255	2
2256	0
2257	3
2258	3
2259	5
2260	6
2261	2
2262	3
2263	2
2264	6
2265	2
2266	5
2267	5
2268	6
2269	6
2270	2
2271	4
2272	5
2273	3
2274	4
2275	6
2276	3
2277	5
2278	4
2279	6
2280	1
2281	3
2282	1
2283	6
2284	3
2285	4
2286	2
2287	1
2288	0
2289	1
2290	0
2291	4
2292	1
2293	5
2294	3
2295	8
2296	3
2297	4
2298	7
2299	8
2300	2
2301	4
2302	4
2303	1
2304	1
2305	3
2306	3
2307	4
2308	0
2309	2
2310	1
2311	2
2312	3
2313	8
2314	4
2315	1
2316	2
2317	1
2318	5
2319	1
2320	4
2321	0
2322	4
2323	3
2324	3
2325	1
2326	3
2327	1
2328	2
2329	9
2330	1
2331	1
2332	1
2333	5
2334	3
2335	0
2336	1
2337	1
2338	2
2339	4
2340	5
2341	1
2342	0
2343	3
2344	2
2345	0
2346	2
2347	1
2348	9
2349	6
2350	3
2351	1
2352	5
2353	7
2354	4
2355	3
2356	4
2357	0
2358	4
2359	0
2360	2
2361	4
2362	4
2363	1
2364	1
2365	4
2366	3
2367	0
2368	2
2369	0
2370	4
2371	5
2372	4
2373	3
2374	5
2375	2
2376	3
2377	7
2378	1
2379	1
2380	6
2381	2
2382	4
2383	2
2384	3
2385	3
2386	2
2387	4
2388	3
2389	1
2390	5
2391	4
2392	4
2393	0
2394	4
2395	3
2396	3
2397	0
2398	1
2399	4
2400	3
2401	1
2402	4
2403	2
2404	7
2405	2
2406	4
2407	2
2408	1
2409	2
2410	2
2411	4
2412	5
2413	3
2414	2
2415	1
2416	1
2417	2
2418	2
2419	2
2420	2
2421	1
2422	3
2423	0
2424	3
2425	5
2426	2
2427	2
2428	4
2429	5
2430	1
2431	4
2432	5
2433	2
2434	6
2435	2
2436	3
2437	4
2438	3
2439	2
2440	2
2441	2
2442	5
2443	3
2444	3
2445	4
2446	1
2447	1
2448	7
2449	4
2450	3
2451	4
2452	4
2453	5
2454	2
2455	1
2456	3
2457	5
2458	6
2459	3
2460	2
2461	2
2462	3
2463	5
2464	3
2465	3
2466	3
2467	6
2468	6
2469	6
2470	5
2471	2
2472	3
2473	5
2474	0
2475	2
2476	2
2477	3
2478	4
2479	0
2480	4
2481	3
2482	3
2483	2
2484	5
2485	6
2486	2
2487	3
2488	4
2489	5
2490	3
2491	4
2492	5
2493	5
2494	2
2495	2
2496	5
2497	3
2498	5
2499	4
2500	2
2501	5
2502	5
2503	1
2504	0
2505	5
2506	1
2507	4
2508	3
2509	3
2510	7
2511	3
2512	2
2513	1
2514	0
2515	7
2516	1
2517	3
2518	2
2519	3
2520	6
2521	7
2522	6
2523	4
2524	5
2525	3
2526	4
2527	14
2528	6
2529	4
2530	4
2531	8
2532	8
2533	4
2534	5
2535	6
2536	4
2537	7
2538	4
2539	7
2540	5
2541	7
2542	7
2543	6
2544	2
2545	5
2546	9
2547	3
2548	4
2549	1
2550	8
2551	2
2552	3
2553	5
2554	2
2555	5
2556	3
2557	6
2558	1
2559	5
2560	1
2561	7
2562	5
2563	4
2564	4
2565	5
2566	3
2567	6
2568	4
2569	6
2570	4
2571	4
2572	5
2573	4
2574	6
2575	3
2576	3
2577	3
2578	2
2579	6
2580	3
2581	3
2582	7
2583	4
2584	2
2585	5
2586	2
2587	4
2588	8
2589	5
2590	1
2591	3
2592	3
2593	3
2594	5
2595	2
2596	6
2597	3
2598	6
2599	6
2600	3
2601	8
2602	3
2603	1
2604	3
2605	6
2606	4
2607	1
2608	2
2609	4
2610	1
2611	5
2612	3
2613	2
2614	6
2615	2
2616	2
2617	2
2618	6
2619	5
2620	2
2621	4
2622	4
2623	2
2624	1
2625	2
2626	2
2627	4
2628	4
2629	1
2630	5
2631	1
2632	1
2633	2
2634	2
2635	5
2636	5
2637	3
2638	0
2639	5
2640	2
2641	4
2642	5
2643	3
2644	3
2645	5
2646	6
2647	2
2648	1
2649	3
2650	0
2651	0
2652	4
2653	2
2654	0
2655	4
2656	5
2657	2
2658	6
2659	5
2660	3
2661	3
2662	4
2663	2
2664	4
2665	4
2666	1
2667	5
2668	1
2669	4
2670	2
2671	1
2672	1
2673	1
2674	3
2675	5
2676	3
2677	2
2678	5
2679	6
2680	4
2681	3
2682	3
2683	9
2684	1
2685	2
2686	4
2687	3
2688	4
2689	0
2690	2
2691	3
2692	1
2693	4
2694	6
2695	0
2696	0
2697	4
2698	3
2699	2
2700	5
2701	2
2702	1
2703	1
2704	0
2705	6
2706	4
2707	2
2708	2
2709	2
2710	3
2711	1
2712	5
2713	3
2714	3
2715	6
2716	5
2717	5
2718	2
2719	2
2720	2
2721	4
2722	1
2723	0
2724	2
2725	2
2726	3
2727	1
2728	0
2729	5
2730	1
2731	1
2732	1
2733	4
2734	0
2735	1
2736	1
2737	5
2738	5
2739	2
2740	4
2741	3
2742	9
2743	2
2744	2
2745	1
2746	3
2747	1
2748	4
2749	4
2750	2
2751	4
2752	2
2753	2
2754	1
2755	2
2756	2
2757	1
2758	5
2759	1
2760	4
2761	2
2762	4
2763	1
2764	4
2765	0
2766	2
2767	1
2768	4
2769	2
2770	1
2771	3
2772	2
2773	1
2774	3
2775	3
2776	1
2777	1
2778	2
2779	2
2780	3
2781	2
2782	5
2783	2
2784	0
2785	5
2786	6
2787	4
2788	1
2789	1
2790	3
2791	1
2792	3
2793	1
2794	4
2795	1
2796	3
2797	4
2798	1
2799	3
2800	2
2801	1
2802	2
2803	3
2804	1
2805	3
2806	3
2807	1
2808	3
2809	3
2810	1
2811	3
2812	2
2813	3
2814	4
2815	4
2816	3
2817	1
2818	3
2819	2
2820	2
2821	5
2822	3
2823	1
2824	2
2825	2
2826	1
2827	3
2828	3
2829	6
2830	1
2831	1
2832	2
2833	0
2834	4
2835	4
2836	6
2837	1
2838	4
2839	2
2840	2
2841	6
2842	3
2843	3
2844	6
2845	3
2846	1
2847	2
2848	3
2849	1
2850	2
2851	1
2852	2
2853	2
2854	6
2855	4
2856	6
2857	5
2858	1
2859	3
2860	4
2861	2
2862	4
2863	0
2864	0
2865	2
2866	3
2867	5
2868	4
2869	3
2870	4
2871	3
2872	2
2873	5
2874	3
2875	3
2876	3
2877	1
2878	1
2879	2
2880	4
2881	2
2882	4
2883	2
2884	1
2885	2
2886	0
2887	1
2888	4
2889	0
2890	0
2891	1
2892	3
2893	3
2894	2
2895	2
2896	0
2897	4
2898	1
2899	3
2900	2
2901	2
2902	1
2903	0
2904	4
2905	7
2906	1
2907	3
2908	10
2909	3
2910	5
2911	2
2912	3
2913	1
2914	4
2915	5
2916	5
2917	2
2918	4
2919	0
2920	1
2921	4
2922	0
2923	2
2924	3
2925	2
2926	2
2927	2
2928	2
2929	0
2930	2
2931	3
2932	2
2933	0
2934	6
2935	2
2936	1
2937	5
2938	5
2939	1
2940	1
2941	6
2942	0
2943	2
2944	2
2945	7
2946	5
2947	1
2948	3
2949	1
2950	3
2951	1
2952	1
2953	1
2954	1
2955	6
2956	2
2957	2
2958	4
2959	3
2960	5
2961	1
2962	6
2963	3
2964	4
2965	3
2966	7
2967	2
2968	4
2969	2
2970	1
2971	2
2972	1
2973	2
2974	3
2975	6
2976	0
2977	5
2978	2
2979	3
2980	4
2981	1
2982	2
2983	1
2984	3
2985	6
2986	5
2987	2
2988	2
2989	1
2990	2
2991	1
2992	0
2993	1
2994	2
2995	4
2996	0
2997	1
2998	2
2999	2
3000	5
3001	1
3002	4
3003	1
3004	3
3005	4
3006	2
3007	1
3008	4
3009	3
3010	2
3011	3
3012	2
3013	1
3014	2
3015	1
3016	5
3017	1
3018	1
3019	1
3020	0
3021	1
3022	1
3023	3
3024	2
3025	2
3026	3
3027	6
3028	2
3029	1
3030	2
3031	0
3032	4
3033	2
3034	2
3035	3
3036	3
3037	2
3038	1
3039	1
3040	1
3041	3
3042	3
3043	2
3044	2
3045	1
3046	2
3047	0
3048	3
3049	4
3050	0
3051	1
3052	4
3053	1
3054	1
3055	1
3056	0
3057	1
3058	4
3059	5
3060	3
3061	4
3062	4
3063	4
3064	3
3065	2
3066	1
3067	4
3068	2
3069	1
3070	2
3071	1
3072	1
3073	0
3074	2
3075	3
3076	5
3077	1
3078	1
3079	2
3080	4
3081	4
3082	1
3083	2
3084	1
3085	4
3086	5
3087	1
3088	2
3089	5
3090	4
3091	4
3092	3
3093	2
3094	1
3095	3
3096	0
3097	2
3098	1
3099	3
3100	2
3101	3
3102	1
3103	2
3104	2
3105	3
3106	1
3107	1
3108	2
3109	0
3110	4
3111	1
3112	2
3113	2
3114	2
3115	4
3116	0
3117	1
3118	2
3119	4
3120	2
3121	3
3122	3
3123	1
3124	2
3125	1
3126	2
3127	1
3128	0
3129	3
3130	1
3131	0
3132	4
3133	3
3134	3
3135	1
3136	1
3137	1
3138	2
3139	5
3140	2
3141	1
3142	1
3143	1
3144	1
3145	3
3146	2
3147	2
3148	2
3149	2
3150	2
3151	1
3152	0
3153	3
3154	2
3155	0
3156	2
3157	0
3158	2
3159	0
3160	3
3161	3
3162	1
3163	8
3164	0
3165	2
3166	3
3167	4
3168	0
3169	2
3170	2
3171	4
3172	1
3173	2
3174	2
3175	2
3176	1
3177	1
3178	4
3179	0
3180	1
3181	3
3182	1
3183	3
3184	0
3185	2
3186	2
3187	3
3188	2
3189	3
3190	2
3191	2
3192	3
3193	4
3194	2
3195	3
3196	5
3197	3
3198	2
3199	2
3200	1
3201	3
3202	2
3203	0
3204	2
3205	1
3206	2
3207	2
3208	1
3209	3
3210	2
3211	2
3212	3
3213	0
3214	2
3215	1
3216	1
3217	3
3218	1
3219	6
3220	4
3221	0
3222	6
3223	2
3224	1
3225	1
3226	2
3227	2
3228	0
3229	1
3230	0
3231	0
3232	2
3233	1
3234	1
3235	2
3236	4
3237	2
3238	5
3239	1
3240	3
3241	1
3242	1
3243	0
3244	0
3245	3
3246	4
3247	1
3248	3
3249	1
3250	1
3251	5
3252	2
3253	1
3254	6
3255	2
3256	0
3257	0
3258	2
3259	1
3260	1
3261	1
3262	1
3263	2
3264	1
3265	3
3266	3
3267	3
3268	1
3269	4
3270	1
3271	0
3272	0
3273	3
3274	0
3275	1
3276	1
3277	3
3278	0
3279	1
3280	1
3281	1
3282	0
3283	1
3284	0
3285	1
3286	3
3287	2
3288	1
3289	2
3290	1
3291	1
3292	1
3293	0
3294	1
3295	0
3296	1
3297	4
3298	0
3299	1
3300	1
3301	1
3302	4
3303	0
3304	2
3305	3
3306	0
3307	2
3308	2
3309	1
3310	1
3311	0
3312	1
3313	0
3314	2
3315	0
3316	2
3317	1
3318	3
3319	3
3320	1
3321	1
3322	1
3323	0
3324	3
3325	1
3326	1
3327	0
3328	2
3329	3
3330	3
3331	1
3332	2
3333	1
3334	1
3335	3
3336	3
3337	6
3338	1
3339	2
3340	2
3341	2
3342	0
3343	1
3344	2
3345	1
3346	2
3347	1
3348	1
3349	1
3350	1
3351	0
3352	1
3353	1
3354	1
3355	2
3356	0
3357	2
3358	0
3359	0
3360	0
3361	0
3362	0
3363	1
3364	1
3365	1
3366	1
3367	0
3368	0
3369	3
3370	2
3371	1
3372	2
3373	0
3374	1
3375	0
3376	2
3377	1
3378	2
3379	3
3380	1
3381	1
3382	1
3383	1
3384	3
3385	4
3386	1
3387	6
3388	2
3389	2
3390	1
3391	2
3392	2
3393	2
3394	1
3395	0
3396	1
3397	1
3398	0
3399	1
3400	1
3401	0
3402	1
3403	1
3404	2
3405	0
3406	0
3407	1
3408	0
3409	2
3410	0
3411	1
3412	0
3413	0
3414	0
3415	1
3416	1
3417	0
3418	1
3419	1
3420	1
3421	1
3422	2
3423	2
3424	2
3425	2
3426	1
3427	3
3428	0
3429	1
3430	1
3431	1
3432	0
3433	0
3434	0
3435	1
3436	2
3437	0
3438	1
3439	0
3440	0
3441	1
3442	2
3443	0
3444	0
3445	1
3446	1
3447	1
3448	1
3449	0
3450	1
3451	0
3452	0
3453	0
3454	3
3455	0
3456	0
3457	2
3458	0
3459	0
3460	2
3461	2
3462	1
3463	0
3464	2
3465	0
3466	3
3467	1
3468	2
3469	0
3470	2
3471	0
3472	0
3473	1
3474	1
3475	2
3476	1
3477	1
3478	0
3479	1
3480	2
3481	0
3482	0
3483	0
3484	0
3485	1
3486	0
3487	0
3488	0
3489	2
3490	0
3491	0
3492	2
3493	0
3494	1
3495	0
3496	2
3497	0
3498	2
3499	1
3500	3
3501	0
3502	1
3503	1
3504	0
3505	1
3506	0
3507	0
3508	1
3509	1
3510	3
3511	0
3512	0
3513	0
3514	0
3515	0
3516	3
3517	2
3518	1
3519	0
3520	0
3521	1
3522	0
3523	1
3524	2
3525	1
3526	1
3527	0
3528	0
3529	0
3530	0
3531	0
3532	0
3533	0
3534	0
3535	0
3536	1
3537	1
3538	1
3539	0
3540	1
3541	0
3542	3
3543	1
3544	0
3545	0
3546	1
3547	2
3548	0
3549	0
3550	1
3551	0
3552	0
3553	0
3554	0
3555	1
3556	0
3557	1
3558	0
3559	0
3560	1
3561	1
3562	0
3563	0
3564	1
3565	0
3566	1
3567	1
3568	0
3569	0
3570	2
3571	0
3572	2
3573	2
3574	2
3575	0
3576	0
3577	1
3578	0
3579	1
3580	0
3581	0
3582	1
3583	0
3584	2
3585	1
3586	0
3587	0
3588	1
3589	1
3590	0
3591	0
3592	0
3593	0
3594	1
3595	1
3596	1
3597	0
3598	0
3599	0
3600	0
3601	0
3602	0
3603	1
3604	0
3605	2
3606	0
3607	1
3608	0
3609	0
3610	0
3611	0
3612	0
3613	0
3614	0
3615	1
3616	0
3617	0
3618	1
3619	0
3620	1
3621	0
3622	1
3623	0
3624	0
3625	0
3626	1
3627	1
3628	0
3629	0
3630	0
3631	0
3632	0
3633	0
3634	1
3635	0
3636	0
3637	1
3638	0
3639	0
3640	0
3641	0
3642	0
3643	1
3644	0
3645	0
3646	0
3647	0
3648	0
3649	0
3650	0
3651	0
3652	0
3653	1
3654	0
3655	0
3656	1
3657	0
3658	2
3659	0
3660	1
3661	0
3662	0
3663	0
3664	1
3665	1
3666	1
3667	2
3668	0
3669	0
3670	2
3671	0
3672	0
3673	0
3674	0
3675	1
3676	0
3677	0
3678	1
3679	0
3680	0
3681	0
3682	0
3683	0
3684	0
3685	0
3686	0
3687	0
3688	0
3689	1
3690	0
3691	1
3692	0
3693	1
3694	0
3695	1
3696	1
3697	0
3698	0
3699	0
3700	1
3701	1
3702	1
3703	1
3704	1
3705	1
3706	0
3707	0
3708	0
3709	0
3710	0
3711	0
3712	0
3713	1
3714	0
3715	0
3716	0
3717	0
3718	0
3719	1
3720	0
3721	0
3722	0
3723	0
3724	0
3725	0
3726	0
3727	0
3728	0
3729	1
3730	0
3731	0
3732	0
3733	0
3734	0
3735	0
3736	0
3737	0
3738	0
3739	0
3740	0
3741	1
3742	0
3743	0
3744	0
3745	0
3746	0
3747	0
3748	0
3749	0
3750	0
3751	0
3752	0
3753	0
3754	0
3755	0
3756	0
3757	0
3758	0
3759	0
3760	0
3761	0
3762	0
3763	0
3764	0
3765	0
3766	0
3767	0
3768	0
3769	1
3770	0
3771	0
3772	0
3773	0
3774	0
3775	0
3776	0
3777	0
3778	0
3779	0
3780	0
3781	0
3782	0
3783	1
3784	0
3785	0
3786	0
3787	0
3788	0
3789	0
3790	0
3791	0
3792	0
3793	0
3794	0
3795	0
3796	0
3797	0
3798	0
3799	0
3800	0
3801	0
3802	0
3803	1
3804	0
3805	0
3806	0
3807	0
3808	0
3809	0
3810	0
3811	0
3812	0
3813	0
3814	1
3815	0
3816	0
3817	0
3818	0
3819	0
3820	0
3821	0
3822	0
3823	0
3824	0
3825	0
3826	0
3827	0
3828	0
3829	0
3830	0
3831	0
3832	0
3833	0
3834	1
3835	0
3836	0
3837	0
3838	0
3839	0
3840	0
3841	0
3842	0
3843	0
3844	0
3845	0
3846	0
3847	0
3848	0
3849	0
3850	0
3851	0
3852	0
3853	0
3854	0
3855	0
3856	0
3857	0
3858	0
3859	0
3860	0
3861	0
3862	0
3863	0
3864	0
3865	0
3866	0
3867	0
3868	0
3869	0
3870	0
3871	0
3872	0
3873	0
3874	0
3875	0
3876	0
3877	0
3878	0
3879	0
3880	0
3881	0
3882	0
3883	0
3884	0
3885	0
3886	0
3887	0
3888	0
3889	0
3890	0
3891	0
3892	0
3893	0
3894	0
3895	0
3896	0
3897	0
3898	0
3899	0
3900	0
3901	0
3902	0
3903	0
3904	0
3905	0
3906	0
3907	0
3908	0
3909	0
3910	0
3911	0
3912	0
3913	0
3914	0
3915	0
3916	0
3917	0
3918	0
3919	0
3920	0
3921	0
3922	0
3923	0
3924	0
3925	0
3926	0
3927	0
3928	0
3929	0
3930	0
3931	0
3932	0
3933	0
3934	0
3935	0
3936	0
3937	0
3938	0
3939	0
3940	0
3941	0
3942	0
3943	0
3944	0
3945	0
3946	0
3947	0
3948	0
3949	0
3950	0
3951	0
3952	0
3953	0
3954	0
3955	0
3956	0
3957	0
3958	0
3959	0
3960	0
3961	0
3962	0
3963	0
3964	0
3965	0
3966	0
3967	0
3968	0
3969	0
3970	0
3971	0
3972	0
3973	0
3974	0
3975	0
3976	0
3977	0
3978	0
3979	0
3980	0
3981	0
3982	0
3983	0
3984	0
3985	0
3986	0
3987	0
3988	0
3989	0
3990	0
3991	0
3992	0
3993	0
3994	0
3995	0
3996	0
3997	0
3998	0
3999	0
4000	0
