Channel number	Impulses
Channel/#	Impulses/#

0	0
1	0
2	0
3	0
4	0
5	0
6	0
7	0
8	0
9	0
10	0
11	0
12	0
13	0
14	0
15	0
16	0
17	0
18	0
19	0
20	0
21	0
22	0
23	0
24	0
25	0
26	0
27	0
28	0
29	0
30	0
31	0
32	0
33	0
34	0
35	0
36	0
37	0
38	0
39	0
40	0
41	0
42	0
43	0
44	0
45	0
46	0
47	0
48	0
49	0
50	0
51	0
52	0
53	0
54	2
55	1
56	2
57	3
58	5
59	6
60	6
61	5
62	8
63	6
64	3
65	3
66	5
67	4
68	4
69	3
70	3
71	3
72	1
73	0
74	3
75	4
76	3
77	4
78	3
79	4
80	5
81	5
82	5
83	3
84	3
85	5
86	2
87	2
88	4
89	4
90	6
91	4
92	1
93	3
94	7
95	6
96	1
97	3
98	7
99	5
100	6
101	3
102	3
103	5
104	6
105	0
106	4
107	7
108	1
109	3
110	3
111	3
112	2
113	2
114	1
115	6
116	2
117	1
118	6
119	5
120	2
121	3
122	3
123	5
124	6
125	2
126	8
127	4
128	0
129	3
130	5
131	2
132	2
133	4
134	5
135	2
136	1
137	3
138	1
139	5
140	2
141	2
142	3
143	3
144	4
145	8
146	5
147	4
148	7
149	2
150	2
151	5
152	5
153	2
154	3
155	3
156	3
157	2
158	2
159	5
160	1
161	3
162	3
163	2
164	2
165	2
166	3
167	1
168	1
169	4
170	1
171	0
172	5
173	5
174	1
175	2
176	4
177	3
178	3
179	4
180	3
181	3
182	6
183	0
184	3
185	6
186	1
187	3
188	3
189	1
190	4
191	0
192	1
193	3
194	2
195	3
196	5
197	1
198	6
199	2
200	2
201	3
202	1
203	3
204	6
205	1
206	2
207	4
208	2
209	2
210	1
211	3
212	3
213	1
214	3
215	1
216	3
217	2
218	3
219	2
220	4
221	1
222	3
223	4
224	0
225	4
226	1
227	2
228	5
229	2
230	5
231	3
232	4
233	0
234	2
235	3
236	5
237	3
238	2
239	2
240	6
241	3
242	1
243	2
244	3
245	0
246	1
247	3
248	2
249	4
250	0
251	1
252	2
253	1
254	1
255	5
256	0
257	3
258	3
259	0
260	2
261	3
262	0
263	2
264	2
265	2
266	3
267	4
268	1
269	2
270	2
271	5
272	5
273	4
274	1
275	1
276	4
277	0
278	1
279	2
280	2
281	2
282	1
283	2
284	6
285	2
286	0
287	4
288	1
289	0
290	2
291	2
292	1
293	1
294	0
295	0
296	2
297	1
298	1
299	0
300	3
301	2
302	2
303	3
304	1
305	3
306	1
307	4
308	3
309	3
310	2
311	0
312	2
313	2
314	3
315	1
316	1
317	0
318	0
319	5
320	0
321	1
322	4
323	0
324	1
325	1
326	1
327	2
328	2
329	0
330	1
331	0
332	1
333	3
334	1
335	0
336	2
337	1
338	0
339	2
340	1
341	2
342	1
343	1
344	0
345	5
346	3
347	2
348	2
349	2
350	1
351	1
352	0
353	1
354	0
355	2
356	1
357	1
358	2
359	1
360	4
361	2
362	0
363	1
364	1
365	4
366	1
367	4
368	1
369	1
370	0
371	3
372	1
373	0
374	7
375	3
376	0
377	2
378	1
379	0
380	2
381	2
382	2
383	0
384	2
385	1
386	3
387	1
388	3
389	1
390	5
391	1
392	1
393	3
394	1
395	0
396	3
397	0
398	0
399	1
400	0
401	1
402	1
403	1
404	0
405	2
406	0
407	0
408	2
409	3
410	3
411	1
412	0
413	2
414	1
415	0
416	1
417	3
418	2
419	0
420	1
421	0
422	2
423	0
424	2
425	0
426	0
427	0
428	2
429	1
430	2
431	0
432	1
433	1
434	4
435	0
436	2
437	3
438	0
439	2
440	0
441	0
442	0
443	0
444	3
445	2
446	0
447	0
448	0
449	2
450	3
451	0
452	3
453	1
454	0
455	1
456	1
457	0
458	1
459	2
460	1
461	1
462	1
463	1
464	1
465	2
466	2
467	0
468	2
469	2
470	2
471	0
472	0
473	2
474	1
475	3
476	1
477	1
478	0
479	1
480	0
481	1
482	2
483	0
484	2
485	1
486	0
487	0
488	1
489	0
490	0
491	0
492	1
493	2
494	2
495	0
496	4
497	1
498	2
499	1
500	2
501	0
502	2
503	1
504	2
505	0
506	3
507	1
508	0
509	2
510	2
511	1
512	0
513	0
514	3
515	1
516	0
517	1
518	2
519	0
520	1
521	1
522	1
523	2
524	0
525	0
526	0
527	2
528	0
529	0
530	1
531	0
532	3
533	1
534	1
535	1
536	0
537	1
538	1
539	2
540	1
541	1
542	0
543	0
544	0
545	2
546	2
547	0
548	1
549	1
550	1
551	1
552	1
553	1
554	0
555	1
556	2
557	1
558	2
559	2
560	1
561	0
562	1
563	3
564	0
565	0
566	1
567	1
568	1
569	1
570	2
571	0
572	2
573	4
574	1
575	0
576	0
577	0
578	1
579	0
580	1
581	1
582	1
583	2
584	3
585	0
586	1
587	0
588	2
589	1
590	0
591	2
592	1
593	0
594	1
595	0
596	1
597	1
598	2
599	0
600	1
601	0
602	1
603	0
604	1
605	1
606	1
607	1
608	1
609	1
610	0
611	1
612	3
613	2
614	0
615	2
616	2
617	1
618	1
619	2
620	1
621	3
622	1
623	2
624	2
625	1
626	3
627	1
628	4
629	1
630	3
631	2
632	0
633	1
634	1
635	0
636	4
637	1
638	0
639	5
640	1
641	0
642	1
643	2
644	2
645	0
646	2
647	0
648	2
649	3
650	1
651	1
652	0
653	1
654	2
655	0
656	1
657	3
658	2
659	2
660	0
661	1
662	2
663	0
664	1
665	1
666	4
667	0
668	1
669	0
670	3
671	1
672	0
673	1
674	0
675	0
676	0
677	0
678	0
679	0
680	0
681	0
682	0
683	0
684	1
685	1
686	2
687	1
688	1
689	2
690	0
691	2
692	1
693	3
694	3
695	2
696	0
697	0
698	0
699	0
700	1
701	0
702	1
703	0
704	0
705	0
706	3
707	1
708	1
709	1
710	2
711	0
712	1
713	0
714	1
715	0
716	4
717	1
718	1
719	2
720	2
721	0
722	2
723	1
724	0
725	0
726	3
727	0
728	2
729	2
730	0
731	3
732	0
733	3
734	0
735	1
736	2
737	2
738	3
739	0
740	0
741	1
742	0
743	1
744	3
745	1
746	2
747	2
748	3
749	4
750	1
751	1
752	1
753	3
754	3
755	1
756	1
757	2
758	3
759	1
760	2
761	4
762	1
763	3
764	0
765	0
766	3
767	3
768	1
769	2
770	3
771	2
772	3
773	0
774	1
775	2
776	1
777	3
778	2
779	2
780	1
781	1
782	2
783	2
784	4
785	0
786	2
787	4
788	2
789	2
790	2
791	1
792	3
793	2
794	0
795	0
796	1
797	3
798	1
799	2
800	1
801	1
802	0
803	1
804	1
805	4
806	0
807	4
808	2
809	3
810	2
811	3
812	2
813	1
814	1
815	2
816	1
817	2
818	3
819	3
820	6
821	3
822	4
823	4
824	2
825	3
826	1
827	1
828	2
829	3
830	6
831	2
832	1
833	1
834	5
835	2
836	0
837	3
838	2
839	5
840	3
841	3
842	3
843	2
844	4
845	3
846	2
847	1
848	1
849	2
850	1
851	2
852	3
853	3
854	4
855	3
856	0
857	1
858	3
859	3
860	2
861	2
862	1
863	1
864	2
865	1
866	1
867	2
868	1
869	4
870	2
871	0
872	0
873	2
874	3
875	0
876	1
877	2
878	2
879	1
880	1
881	0
882	4
883	2
884	0
885	0
886	3
887	2
888	1
889	2
890	0
891	2
892	0
893	4
894	1
895	1
896	1
897	2
898	1
899	3
900	1
901	4
902	3
903	2
904	2
905	1
906	1
907	1
908	1
909	2
910	3
911	4
912	0
913	0
914	1
915	1
916	3
917	0
918	2
919	0
920	4
921	1
922	0
923	0
924	3
925	0
926	3
927	0
928	3
929	2
930	0
931	1
932	3
933	3
934	1
935	0
936	3
937	0
938	0
939	1
940	2
941	2
942	1
943	1
944	2
945	3
946	2
947	1
948	0
949	1
950	2
951	4
952	1
953	2
954	2
955	2
956	1
957	1
958	2
959	1
960	1
961	3
962	1
963	3
964	0
965	1
966	2
967	2
968	4
969	0
970	0
971	3
972	2
973	1
974	1
975	1
976	1
977	4
978	3
979	1
980	2
981	3
982	2
983	0
984	0
985	1
986	2
987	3
988	2
989	0
990	4
991	2
992	1
993	1
994	1
995	1
996	4
997	2
998	0
999	5
1000	0
1001	1
1002	1
1003	1
1004	4
1005	0
1006	3
1007	0
1008	3
1009	3
1010	1
1011	3
1012	3
1013	6
1014	4
1015	1
1016	5
1017	3
1018	6
1019	2
1020	3
1021	2
1022	7
1023	7
1024	0
1025	0
1026	2
1027	1
1028	1
1029	1
1030	2
1031	0
1032	5
1033	3
1034	0
1035	4
1036	3
1037	3
1038	2
1039	5
1040	7
1041	3
1042	4
1043	3
1044	3
1045	3
1046	0
1047	2
1048	4
1049	1
1050	2
1051	2
1052	1
1053	4
1054	4
1055	3
1056	2
1057	6
1058	6
1059	2
1060	2
1061	1
1062	2
1063	3
1064	1
1065	2
1066	3
1067	3
1068	2
1069	2
1070	2
1071	2
1072	0
1073	4
1074	1
1075	5
1076	4
1077	1
1078	4
1079	1
1080	2
1081	1
1082	2
1083	1
1084	1
1085	2
1086	2
1087	6
1088	3
1089	2
1090	6
1091	4
1092	2
1093	2
1094	4
1095	3
1096	1
1097	6
1098	1
1099	4
1100	4
1101	4
1102	3
1103	1
1104	1
1105	5
1106	3
1107	2
1108	1
1109	0
1110	4
1111	2
1112	3
1113	5
1114	2
1115	2
1116	1
1117	1
1118	3
1119	5
1120	0
1121	0
1122	3
1123	1
1124	0
1125	0
1126	3
1127	1
1128	5
1129	4
1130	2
1131	4
1132	1
1133	1
1134	4
1135	2
1136	4
1137	3
1138	2
1139	3
1140	1
1141	2
1142	3
1143	5
1144	5
1145	3
1146	4
1147	4
1148	3
1149	5
1150	1
1151	3
1152	1
1153	3
1154	3
1155	3
1156	7
1157	0
1158	0
1159	2
1160	5
1161	4
1162	1
1163	3
1164	3
1165	6
1166	4
1167	3
1168	3
1169	5
1170	1
1171	4
1172	3
1173	4
1174	1
1175	2
1176	4
1177	3
1178	2
1179	4
1180	5
1181	1
1182	5
1183	5
1184	3
1185	3
1186	2
1187	1
1188	5
1189	3
1190	1
1191	4
1192	2
1193	3
1194	8
1195	0
1196	2
1197	5
1198	1
1199	4
1200	6
1201	4
1202	1
1203	4
1204	6
1205	1
1206	3
1207	4
1208	3
1209	4
1210	6
1211	3
1212	5
1213	3
1214	3
1215	3
1216	3
1217	2
1218	5
1219	0
1220	2
1221	7
1222	7
1223	4
1224	3
1225	4
1226	2
1227	0
1228	6
1229	5
1230	7
1231	5
1232	2
1233	2
1234	5
1235	6
1236	8
1237	3
1238	6
1239	3
1240	1
1241	3
1242	4
1243	6
1244	6
1245	2
1246	7
1247	8
1248	9
1249	2
1250	6
1251	3
1252	4
1253	7
1254	6
1255	0
1256	5
1257	2
1258	1
1259	3
1260	4
1261	3
1262	3
1263	2
1264	3
1265	3
1266	4
1267	6
1268	2
1269	4
1270	2
1271	5
1272	3
1273	3
1274	3
1275	6
1276	2
1277	2
1278	5
1279	4
1280	1
1281	2
1282	5
1283	4
1284	4
1285	0
1286	3
1287	2
1288	2
1289	2
1290	8
1291	3
1292	5
1293	3
1294	3
1295	5
1296	5
1297	2
1298	6
1299	4
1300	3
1301	5
1302	2
1303	7
1304	1
1305	6
1306	4
1307	2
1308	0
1309	4
1310	1
1311	5
1312	7
1313	5
1314	6
1315	3
1316	6
1317	2
1318	7
1319	3
1320	3
1321	7
1322	1
1323	3
1324	3
1325	8
1326	6
1327	8
1328	4
1329	4
1330	5
1331	5
1332	9
1333	3
1334	4
1335	4
1336	4
1337	3
1338	4
1339	3
1340	8
1341	4
1342	3
1343	4
1344	3
1345	2
1346	6
1347	4
1348	6
1349	2
1350	9
1351	2
1352	4
1353	3
1354	2
1355	6
1356	8
1357	3
1358	4
1359	0
1360	3
1361	4
1362	6
1363	1
1364	6
1365	7
1366	8
1367	1
1368	6
1369	4
1370	4
1371	3
1372	4
1373	6
1374	9
1375	5
1376	3
1377	3
1378	4
1379	1
1380	4
1381	1
1382	9
1383	7
1384	3
1385	3
1386	1
1387	2
1388	7
1389	5
1390	4
1391	2
1392	4
1393	5
1394	3
1395	4
1396	5
1397	4
1398	8
1399	5
1400	3
1401	4
1402	4
1403	8
1404	3
1405	7
1406	4
1407	2
1408	2
1409	2
1410	2
1411	5
1412	7
1413	8
1414	9
1415	1
1416	4
1417	6
1418	6
1419	10
1420	5
1421	3
1422	8
1423	2
1424	2
1425	2
1426	2
1427	8
1428	9
1429	2
1430	9
1431	3
1432	5
1433	1
1434	2
1435	4
1436	3
1437	2
1438	5
1439	4
1440	2
1441	8
1442	4
1443	5
1444	8
1445	5
1446	4
1447	4
1448	2
1449	5
1450	7
1451	4
1452	5
1453	9
1454	6
1455	1
1456	6
1457	2
1458	9
1459	2
1460	8
1461	6
1462	4
1463	0
1464	2
1465	7
1466	4
1467	4
1468	5
1469	4
1470	5
1471	7
1472	3
1473	4
1474	6
1475	5
1476	6
1477	3
1478	3
1479	3
1480	3
1481	5
1482	4
1483	3
1484	5
1485	4
1486	3
1487	3
1488	8
1489	4
1490	4
1491	4
1492	5
1493	8
1494	4
1495	7
1496	3
1497	5
1498	2
1499	1
1500	4
1501	1
1502	4
1503	3
1504	5
1505	3
1506	7
1507	2
1508	9
1509	4
1510	6
1511	4
1512	9
1513	3
1514	5
1515	0
1516	8
1517	6
1518	5
1519	1
1520	0
1521	3
1522	3
1523	5
1524	6
1525	7
1526	3
1527	2
1528	5
1529	3
1530	5
1531	5
1532	6
1533	7
1534	6
1535	6
1536	1
1537	5
1538	9
1539	5
1540	9
1541	3
1542	5
1543	6
1544	3
1545	4
1546	9
1547	6
1548	6
1549	3
1550	2
1551	0
1552	5
1553	8
1554	7
1555	8
1556	6
1557	2
1558	3
1559	7
1560	4
1561	6
1562	4
1563	5
1564	6
1565	9
1566	7
1567	8
1568	6
1569	7
1570	5
1571	5
1572	6
1573	4
1574	10
1575	4
1576	3
1577	6
1578	8
1579	2
1580	3
1581	5
1582	4
1583	4
1584	3
1585	6
1586	7
1587	4
1588	6
1589	2
1590	5
1591	1
1592	0
1593	12
1594	3
1595	5
1596	8
1597	2
1598	2
1599	7
1600	1
1601	0
1602	9
1603	6
1604	7
1605	6
1606	10
1607	1
1608	7
1609	4
1610	6
1611	6
1612	7
1613	5
1614	3
1615	6
1616	5
1617	8
1618	7
1619	4
1620	5
1621	5
1622	6
1623	2
1624	7
1625	10
1626	8
1627	7
1628	6
1629	5
1630	6
1631	6
1632	5
1633	2
1634	3
1635	12
1636	5
1637	5
1638	11
1639	8
1640	10
1641	6
1642	3
1643	5
1644	3
1645	5
1646	5
1647	6
1648	3
1649	2
1650	7
1651	7
1652	4
1653	7
1654	6
1655	5
1656	5
1657	9
1658	8
1659	8
1660	7
1661	3
1662	7
1663	7
1664	8
1665	4
1666	10
1667	5
1668	7
1669	5
1670	3
1671	4
1672	7
1673	11
1674	0
1675	7
1676	5
1677	5
1678	6
1679	5
1680	5
1681	4
1682	9
1683	9
1684	3
1685	6
1686	16
1687	3
1688	9
1689	7
1690	4
1691	6
1692	5
1693	2
1694	5
1695	5
1696	4
1697	4
1698	5
1699	8
1700	11
1701	3
1702	8
1703	5
1704	7
1705	9
1706	4
1707	7
1708	8
1709	7
1710	6
1711	5
1712	9
1713	11
1714	6
1715	4
1716	8
1717	12
1718	6
1719	2
1720	5
1721	9
1722	3
1723	7
1724	6
1725	12
1726	7
1727	9
1728	7
1729	8
1730	10
1731	3
1732	7
1733	8
1734	12
1735	5
1736	9
1737	6
1738	6
1739	6
1740	5
1741	3
1742	7
1743	3
1744	5
1745	6
1746	9
1747	6
1748	3
1749	5
1750	11
1751	4
1752	6
1753	9
1754	9
1755	6
1756	14
1757	6
1758	6
1759	9
1760	6
1761	5
1762	7
1763	10
1764	15
1765	12
1766	12
1767	7
1768	9
1769	11
1770	4
1771	8
1772	9
1773	1
1774	8
1775	3
1776	5
1777	11
1778	12
1779	7
1780	12
1781	4
1782	8
1783	8
1784	9
1785	5
1786	7
1787	6
1788	5
1789	14
1790	15
1791	5
1792	5
1793	9
1794	10
1795	7
1796	15
1797	8
1798	11
1799	11
1800	6
1801	8
1802	9
1803	10
1804	17
1805	9
1806	6
1807	6
1808	15
1809	3
1810	5
1811	9
1812	7
1813	5
1814	15
1815	5
1816	9
1817	15
1818	7
1819	7
1820	5
1821	7
1822	5
1823	11
1824	4
1825	9
1826	5
1827	4
1828	12
1829	8
1830	15
1831	13
1832	6
1833	10
1834	3
1835	9
1836	11
1837	12
1838	8
1839	8
1840	11
1841	11
1842	13
1843	10
1844	7
1845	11
1846	12
1847	5
1848	8
1849	9
1850	9
1851	9
1852	9
1853	12
1854	8
1855	12
1856	5
1857	17
1858	10
1859	11
1860	16
1861	6
1862	24
1863	13
1864	12
1865	12
1866	7
1867	9
1868	12
1869	14
1870	10
1871	15
1872	10
1873	9
1874	9
1875	12
1876	9
1877	10
1878	9
1879	12
1880	12
1881	25
1882	13
1883	11
1884	20
1885	15
1886	30
1887	14
1888	16
1889	14
1890	19
1891	16
1892	17
1893	12
1894	24
1895	13
1896	10
1897	22
1898	23
1899	21
1900	31
1901	20
1902	23
1903	16
1904	14
1905	26
1906	38
1907	35
1908	24
1909	26
1910	27
1911	21
1912	25
1913	38
1914	27
1915	39
1916	34
1917	27
1918	25
1919	42
1920	23
1921	35
1922	35
1923	33
1924	48
1925	29
1926	41
1927	22
1928	40
1929	38
1930	37
1931	34
1932	43
1933	37
1934	33
1935	21
1936	41
1937	42
1938	31
1939	47
1940	48
1941	37
1942	54
1943	25
1944	43
1945	51
1946	32
1947	47
1948	42
1949	39
1950	43
1951	51
1952	38
1953	35
1954	60
1955	44
1956	53
1957	21
1958	47
1959	42
1960	46
1961	40
1962	35
1963	28
1964	43
1965	39
1966	38
1967	24
1968	45
1969	42
1970	30
1971	32
1972	41
1973	34
1974	42
1975	24
1976	40
1977	44
1978	23
1979	27
1980	28
1981	23
1982	34
1983	28
1984	30
1985	34
1986	31
1987	20
1988	32
1989	24
1990	36
1991	15
1992	22
1993	31
1994	22
1995	24
1996	37
1997	22
1998	26
1999	17
2000	18
2001	21
2002	16
2003	19
2004	20
2005	9
2006	18
2007	7
2008	22
2009	19
2010	14
2011	10
2012	19
2013	16
2014	13
2015	8
2016	10
2017	14
2018	18
2019	8
2020	14
2021	8
2022	14
2023	6
2024	5
2025	8
2026	17
2027	8
2028	14
2029	6
2030	7
2031	13
2032	6
2033	7
2034	6
2035	9
2036	7
2037	2
2038	10
2039	7
2040	6
2041	11
2042	4
2043	8
2044	8
2045	4
2046	6
2047	4
2048	2
2049	6
2050	3
2051	5
2052	7
2053	3
2054	9
2055	7
2056	2
2057	11
2058	4
2059	4
2060	9
2061	6
2062	9
2063	8
2064	4
2065	5
2066	9
2067	4
2068	5
2069	9
2070	6
2071	9
2072	8
2073	2
2074	4
2075	6
2076	9
2077	7
2078	6
2079	6
2080	4
2081	3
2082	6
2083	4
2084	8
2085	5
2086	9
2087	11
2088	4
2089	6
2090	4
2091	6
2092	8
2093	6
2094	9
2095	7
2096	5
2097	10
2098	8
2099	6
2100	5
2101	8
2102	9
2103	6
2104	8
2105	7
2106	5
2107	8
2108	6
2109	2
2110	4
2111	9
2112	5
2113	10
2114	6
2115	9
2116	9
2117	3
2118	5
2119	7
2120	3
2121	9
2122	6
2123	10
2124	9
2125	9
2126	8
2127	8
2128	6
2129	3
2130	5
2131	12
2132	6
2133	11
2134	4
2135	6
2136	4
2137	9
2138	5
2139	7
2140	6
2141	12
2142	13
2143	15
2144	5
2145	7
2146	4
2147	4
2148	10
2149	12
2150	7
2151	10
2152	10
2153	16
2154	13
2155	8
2156	9
2157	1
2158	14
2159	8
2160	6
2161	5
2162	11
2163	13
2164	9
2165	7
2166	13
2167	13
2168	12
2169	11
2170	8
2171	15
2172	6
2173	7
2174	13
2175	8
2176	10
2177	7
2178	10
2179	11
2180	15
2181	10
2182	13
2183	8
2184	12
2185	14
2186	8
2187	13
2188	18
2189	13
2190	7
2191	12
2192	5
2193	13
2194	10
2195	11
2196	9
2197	9
2198	13
2199	6
2200	10
2201	23
2202	10
2203	22
2204	13
2205	20
2206	9
2207	18
2208	10
2209	11
2210	15
2211	15
2212	15
2213	4
2214	9
2215	19
2216	15
2217	12
2218	5
2219	22
2220	13
2221	18
2222	11
2223	10
2224	14
2225	13
2226	13
2227	17
2228	14
2229	12
2230	11
2231	11
2232	6
2233	13
2234	9
2235	11
2236	11
2237	5
2238	8
2239	13
2240	9
2241	9
2242	15
2243	13
2244	11
2245	11
2246	17
2247	6
2248	14
2249	9
2250	7
2251	12
2252	9
2253	6
2254	8
2255	5
2256	2
2257	13
2258	8
2259	5
2260	8
2261	5
2262	10
2263	12
2264	9
2265	8
2266	12
2267	8
2268	8
2269	5
2270	8
2271	9
2272	4
2273	7
2274	6
2275	6
2276	11
2277	6
2278	15
2279	8
2280	5
2281	8
2282	9
2283	5
2284	7
2285	8
2286	6
2287	7
2288	5
2289	6
2290	3
2291	8
2292	7
2293	3
2294	10
2295	7
2296	5
2297	9
2298	7
2299	5
2300	4
2301	9
2302	4
2303	4
2304	5
2305	3
2306	6
2307	3
2308	1
2309	6
2310	10
2311	1
2312	2
2313	8
2314	5
2315	5
2316	1
2317	4
2318	4
2319	5
2320	2
2321	8
2322	6
2323	5
2324	6
2325	2
2326	3
2327	4
2328	6
2329	4
2330	4
2331	7
2332	5
2333	3
2334	4
2335	1
2336	2
2337	7
2338	3
2339	3
2340	3
2341	5
2342	6
2343	3
2344	2
2345	2
2346	3
2347	3
2348	5
2349	7
2350	3
2351	4
2352	10
2353	5
2354	1
2355	5
2356	2
2357	8
2358	6
2359	5
2360	3
2361	10
2362	3
2363	6
2364	6
2365	1
2366	6
2367	4
2368	5
2369	7
2370	5
2371	6
2372	7
2373	3
2374	5
2375	5
2376	1
2377	2
2378	6
2379	4
2380	5
2381	2
2382	5
2383	4
2384	4
2385	5
2386	1
2387	6
2388	4
2389	2
2390	2
2391	5
2392	0
2393	6
2394	5
2395	7
2396	6
2397	6
2398	8
2399	2
2400	6
2401	5
2402	9
2403	4
2404	4
2405	2
2406	3
2407	2
2408	6
2409	7
2410	0
2411	5
2412	7
2413	4
2414	2
2415	6
2416	1
2417	5
2418	4
2419	4
2420	6
2421	2
2422	4
2423	5
2424	3
2425	4
2426	5
2427	4
2428	4
2429	3
2430	3
2431	0
2432	5
2433	4
2434	5
2435	1
2436	3
2437	9
2438	1
2439	2
2440	4
2441	5
2442	3
2443	6
2444	5
2445	2
2446	4
2447	3
2448	1
2449	7
2450	3
2451	4
2452	4
2453	0
2454	5
2455	3
2456	6
2457	4
2458	1
2459	4
2460	7
2461	6
2462	5
2463	6
2464	0
2465	3
2466	2
2467	6
2468	7
2469	0
2470	7
2471	7
2472	4
2473	7
2474	1
2475	4
2476	5
2477	3
2478	5
2479	4
2480	6
2481	2
2482	8
2483	4
2484	7
2485	5
2486	10
2487	5
2488	5
2489	7
2490	5
2491	6
2492	4
2493	4
2494	1
2495	8
2496	2
2497	3
2498	3
2499	8
2500	6
2501	7
2502	8
2503	4
2504	2
2505	4
2506	9
2507	4
2508	9
2509	4
2510	3
2511	2
2512	4
2513	4
2514	5
2515	5
2516	9
2517	4
2518	5
2519	6
2520	4
2521	10
2522	4
2523	4
2524	7
2525	11
2526	8
2527	10
2528	7
2529	10
2530	5
2531	7
2532	7
2533	6
2534	8
2535	9
2536	8
2537	9
2538	6
2539	10
2540	10
2541	9
2542	10
2543	2
2544	5
2545	9
2546	12
2547	10
2548	8
2549	7
2550	8
2551	2
2552	5
2553	7
2554	4
2555	4
2556	7
2557	6
2558	7
2559	6
2560	7
2561	11
2562	7
2563	5
2564	11
2565	8
2566	8
2567	9
2568	7
2569	6
2570	8
2571	7
2572	4
2573	8
2574	6
2575	4
2576	4
2577	6
2578	4
2579	7
2580	9
2581	3
2582	9
2583	3
2584	10
2585	10
2586	2
2587	5
2588	9
2589	4
2590	9
2591	3
2592	6
2593	6
2594	3
2595	6
2596	6
2597	3
2598	8
2599	4
2600	3
2601	5
2602	4
2603	3
2604	6
2605	3
2606	6
2607	3
2608	7
2609	3
2610	5
2611	4
2612	4
2613	7
2614	5
2615	3
2616	2
2617	4
2618	1
2619	5
2620	0
2621	1
2622	3
2623	2
2624	5
2625	4
2626	6
2627	5
2628	10
2629	5
2630	5
2631	4
2632	9
2633	6
2634	2
2635	8
2636	6
2637	5
2638	5
2639	4
2640	4
2641	5
2642	6
2643	7
2644	2
2645	2
2646	4
2647	4
2648	6
2649	3
2650	4
2651	5
2652	4
2653	4
2654	7
2655	0
2656	6
2657	5
2658	4
2659	5
2660	7
2661	1
2662	4
2663	2
2664	0
2665	6
2666	5
2667	4
2668	7
2669	2
2670	9
2671	4
2672	1
2673	4
2674	6
2675	3
2676	4
2677	1
2678	2
2679	3
2680	2
2681	5
2682	3
2683	3
2684	3
2685	3
2686	2
2687	6
2688	5
2689	8
2690	7
2691	9
2692	2
2693	5
2694	5
2695	4
2696	5
2697	6
2698	3
2699	2
2700	3
2701	4
2702	3
2703	5
2704	2
2705	4
2706	2
2707	2
2708	2
2709	8
2710	7
2711	7
2712	5
2713	5
2714	1
2715	3
2716	2
2717	6
2718	4
2719	2
2720	1
2721	4
2722	4
2723	6
2724	4
2725	3
2726	5
2727	6
2728	5
2729	6
2730	1
2731	2
2732	0
2733	4
2734	5
2735	2
2736	4
2737	2
2738	1
2739	3
2740	7
2741	2
2742	6
2743	3
2744	1
2745	3
2746	1
2747	4
2748	3
2749	1
2750	5
2751	2
2752	8
2753	4
2754	7
2755	6
2756	5
2757	0
2758	6
2759	4
2760	5
2761	5
2762	7
2763	5
2764	8
2765	6
2766	4
2767	2
2768	1
2769	5
2770	4
2771	7
2772	2
2773	4
2774	2
2775	3
2776	2
2777	5
2778	1
2779	4
2780	3
2781	3
2782	2
2783	3
2784	7
2785	4
2786	2
2787	7
2788	5
2789	3
2790	7
2791	3
2792	5
2793	4
2794	2
2795	3
2796	4
2797	7
2798	4
2799	3
2800	8
2801	2
2802	7
2803	1
2804	2
2805	5
2806	4
2807	2
2808	5
2809	4
2810	2
2811	4
2812	4
2813	2
2814	5
2815	0
2816	4
2817	3
2818	3
2819	3
2820	6
2821	1
2822	4
2823	4
2824	3
2825	7
2826	1
2827	6
2828	3
2829	6
2830	4
2831	1
2832	5
2833	3
2834	5
2835	6
2836	5
2837	2
2838	5
2839	2
2840	4
2841	5
2842	2
2843	3
2844	2
2845	3
2846	2
2847	1
2848	3
2849	3
2850	5
2851	4
2852	7
2853	6
2854	6
2855	1
2856	2
2857	4
2858	7
2859	4
2860	4
2861	3
2862	4
2863	1
2864	5
2865	5
2866	4
2867	7
2868	4
2869	6
2870	10
2871	2
2872	6
2873	4
2874	4
2875	3
2876	2
2877	5
2878	0
2879	4
2880	3
2881	1
2882	4
2883	5
2884	4
2885	4
2886	9
2887	6
2888	4
2889	5
2890	3
2891	5
2892	5
2893	3
2894	3
2895	15
2896	3
2897	5
2898	2
2899	4
2900	4
2901	4
2902	5
2903	3
2904	8
2905	3
2906	2
2907	3
2908	5
2909	6
2910	3
2911	3
2912	4
2913	6
2914	3
2915	3
2916	3
2917	1
2918	4
2919	5
2920	4
2921	3
2922	2
2923	4
2924	4
2925	4
2926	4
2927	4
2928	3
2929	5
2930	5
2931	12
2932	3
2933	4
2934	3
2935	2
2936	2
2937	7
2938	3
2939	4
2940	5
2941	1
2942	3
2943	3
2944	3
2945	2
2946	1
2947	4
2948	5
2949	5
2950	5
2951	4
2952	7
2953	6
2954	6
2955	2
2956	3
2957	1
2958	3
2959	1
2960	4
2961	1
2962	4
2963	4
2964	2
2965	2
2966	5
2967	3
2968	3
2969	3
2970	2
2971	2
2972	3
2973	7
2974	4
2975	3
2976	2
2977	0
2978	1
2979	6
2980	5
2981	5
2982	3
2983	2
2984	5
2985	2
2986	4
2987	4
2988	3
2989	1
2990	3
2991	2
2992	5
2993	4
2994	2
2995	7
2996	4
2997	6
2998	8
2999	1
3000	4
3001	1
3002	1
3003	4
3004	1
3005	4
3006	3
3007	6
3008	1
3009	4
3010	3
3011	8
3012	4
3013	2
3014	4
3015	3
3016	0
3017	1
3018	1
3019	1
3020	6
3021	2
3022	3
3023	2
3024	3
3025	2
3026	2
3027	0
3028	4
3029	3
3030	5
3031	1
3032	3
3033	4
3034	3
3035	5
3036	2
3037	4
3038	4
3039	1
3040	8
3041	0
3042	3
3043	6
3044	5
3045	4
3046	3
3047	2
3048	1
3049	2
3050	1
3051	5
3052	5
3053	5
3054	1
3055	2
3056	4
3057	2
3058	5
3059	2
3060	2
3061	0
3062	5
3063	3
3064	3
3065	4
3066	3
3067	0
3068	4
3069	4
3070	5
3071	0
3072	4
3073	3
3074	2
3075	4
3076	3
3077	1
3078	6
3079	1
3080	1
3081	2
3082	0
3083	3
3084	4
3085	1
3086	2
3087	1
3088	3
3089	2
3090	0
3091	2
3092	2
3093	2
3094	4
3095	4
3096	3
3097	4
3098	2
3099	1
3100	3
3101	4
3102	7
3103	1
3104	3
3105	5
3106	2
3107	2
3108	6
3109	4
3110	2
3111	4
3112	0
3113	2
3114	3
3115	0
3116	1
3117	2
3118	7
3119	2
3120	1
3121	2
3122	6
3123	2
3124	1
3125	4
3126	6
3127	0
3128	3
3129	2
3130	2
3131	1
3132	3
3133	5
3134	4
3135	3
3136	0
3137	4
3138	5
3139	0
3140	5
3141	4
3142	5
3143	3
3144	2
3145	3
3146	2
3147	0
3148	4
3149	0
3150	3
3151	6
3152	1
3153	2
3154	4
3155	3
3156	3
3157	4
3158	7
3159	0
3160	2
3161	3
3162	3
3163	1
3164	3
3165	4
3166	1
3167	3
3168	5
3169	4
3170	2
3171	7
3172	2
3173	5
3174	1
3175	4
3176	3
3177	6
3178	3
3179	3
3180	7
3181	1
3182	4
3183	5
3184	2
3185	1
3186	3
3187	1
3188	1
3189	2
3190	4
3191	1
3192	1
3193	5
3194	3
3195	2
3196	3
3197	4
3198	4
3199	2
3200	3
3201	6
3202	2
3203	4
3204	1
3205	7
3206	2
3207	3
3208	4
3209	1
3210	4
3211	1
3212	1
3213	1
3214	5
3215	0
3216	2
3217	1
3218	3
3219	1
3220	1
3221	5
3222	7
3223	5
3224	3
3225	2
3226	2
3227	1
3228	5
3229	3
3230	3
3231	1
3232	1
3233	1
3234	2
3235	3
3236	2
3237	6
3238	5
3239	1
3240	2
3241	1
3242	3
3243	1
3244	4
3245	2
3246	0
3247	0
3248	3
3249	4
3250	5
3251	2
3252	0
3253	2
3254	1
3255	3
3256	1
3257	6
3258	0
3259	5
3260	2
3261	5
3262	1
3263	0
3264	3
3265	1
3266	1
3267	1
3268	3
3269	1
3270	5
3271	2
3272	1
3273	2
3274	3
3275	1
3276	0
3277	4
3278	1
3279	4
3280	2
3281	2
3282	1
3283	2
3284	4
3285	3
3286	3
3287	1
3288	4
3289	2
3290	4
3291	4
3292	3
3293	0
3294	1
3295	0
3296	1
3297	1
3298	2
3299	4
3300	8
3301	4
3302	5
3303	1
3304	2
3305	4
3306	4
3307	3
3308	2
3309	0
3310	1
3311	4
3312	0
3313	5
3314	1
3315	2
3316	4
3317	0
3318	2
3319	0
3320	1
3321	3
3322	1
3323	3
3324	3
3325	1
3326	4
3327	2
3328	4
3329	1
3330	2
3331	1
3332	0
3333	1
3334	5
3335	0
3336	1
3337	2
3338	1
3339	5
3340	1
3341	5
3342	0
3343	2
3344	0
3345	4
3346	3
3347	5
3348	1
3349	1
3350	1
3351	2
3352	6
3353	6
3354	3
3355	3
3356	2
3357	6
3358	4
3359	0
3360	0
3361	2
3362	3
3363	2
3364	2
3365	0
3366	2
3367	2
3368	2
3369	0
3370	3
3371	4
3372	2
3373	2
3374	5
3375	0
3376	0
3377	1
3378	1
3379	1
3380	1
3381	1
3382	2
3383	3
3384	0
3385	6
3386	1
3387	2
3388	1
3389	2
3390	2
3391	4
3392	2
3393	1
3394	3
3395	2
3396	2
3397	1
3398	1
3399	3
3400	3
3401	1
3402	2
3403	2
3404	0
3405	5
3406	1
3407	1
3408	0
3409	4
3410	0
3411	0
3412	1
3413	1
3414	3
3415	1
3416	2
3417	3
3418	1
3419	6
3420	0
3421	4
3422	0
3423	2
3424	3
3425	4
3426	2
3427	2
3428	2
3429	2
3430	2
3431	0
3432	1
3433	4
3434	2
3435	2
3436	5
3437	3
3438	0
3439	2
3440	2
3441	4
3442	3
3443	2
3444	0
3445	2
3446	2
3447	2
3448	1
3449	4
3450	0
3451	1
3452	5
3453	1
3454	0
3455	0
3456	3
3457	2
3458	2
3459	2
3460	1
3461	0
3462	0
3463	0
3464	2
3465	2
3466	0
3467	1
3468	3
3469	2
3470	5
3471	2
3472	2
3473	4
3474	4
3475	3
3476	2
3477	3
3478	4
3479	1
3480	4
3481	3
3482	1
3483	3
3484	0
3485	2
3486	0
3487	2
3488	4
3489	2
3490	5
3491	1
3492	3
3493	2
3494	3
3495	1
3496	2
3497	0
3498	1
3499	3
3500	1
3501	1
3502	2
3503	0
3504	0
3505	1
3506	1
3507	0
3508	1
3509	0
3510	5
3511	0
3512	3
3513	2
3514	0
3515	2
3516	2
3517	2
3518	5
3519	1
3520	2
3521	2
3522	0
3523	5
3524	3
3525	1
3526	4
3527	1
3528	2
3529	1
3530	0
3531	1
3532	3
3533	2
3534	1
3535	0
3536	1
3537	1
3538	2
3539	0
3540	2
3541	3
3542	2
3543	0
3544	2
3545	2
3546	1
3547	3
3548	0
3549	2
3550	1
3551	1
3552	2
3553	0
3554	4
3555	1
3556	4
3557	2
3558	4
3559	1
3560	0
3561	1
3562	0
3563	1
3564	3
3565	0
3566	3
3567	0
3568	0
3569	3
3570	4
3571	1
3572	1
3573	1
3574	0
3575	1
3576	0
3577	1
3578	0
3579	1
3580	0
3581	1
3582	1
3583	3
3584	2
3585	0
3586	0
3587	1
3588	3
3589	1
3590	2
3591	2
3592	0
3593	1
3594	1
3595	1
3596	2
3597	2
3598	2
3599	1
3600	1
3601	1
3602	1
3603	3
3604	1
3605	2
3606	5
3607	1
3608	0
3609	0
3610	0
3611	3
3612	0
3613	0
3614	0
3615	2
3616	0
3617	0
3618	2
3619	1
3620	0
3621	0
3622	2
3623	2
3624	4
3625	1
3626	2
3627	3
3628	2
3629	0
3630	4
3631	1
3632	3
3633	0
3634	1
3635	0
3636	1
3637	1
3638	2
3639	3
3640	2
3641	1
3642	2
3643	1
3644	0
3645	3
3646	1
3647	0
3648	2
3649	0
3650	2
3651	2
3652	0
3653	0
3654	2
3655	2
3656	2
3657	5
3658	0
3659	0
3660	0
3661	0
3662	2
3663	0
3664	1
3665	3
3666	0
3667	2
3668	3
3669	2
3670	0
3671	1
3672	0
3673	5
3674	1
3675	3
3676	0
3677	0
3678	1
3679	0
3680	0
3681	1
3682	1
3683	1
3684	0
3685	1
3686	0
3687	0
3688	0
3689	1
3690	0
3691	0
3692	1
3693	3
3694	1
3695	2
3696	0
3697	2
3698	2
3699	1
3700	1
3701	0
3702	3
3703	1
3704	0
3705	1
3706	0
3707	1
3708	4
3709	0
3710	0
3711	1
3712	1
3713	4
3714	3
3715	1
3716	4
3717	1
3718	1
3719	1
3720	0
3721	1
3722	0
3723	1
3724	2
3725	0
3726	0
3727	0
3728	1
3729	1
3730	0
3731	0
3732	0
3733	1
3734	1
3735	0
3736	2
3737	2
3738	1
3739	0
3740	1
3741	0
3742	0
3743	1
3744	0
3745	1
3746	0
3747	0
3748	2
3749	0
3750	1
3751	0
3752	0
3753	0
3754	1
3755	1
3756	2
3757	0
3758	0
3759	0
3760	0
3761	2
3762	0
3763	0
3764	1
3765	0
3766	0
3767	0
3768	0
3769	1
3770	2
3771	0
3772	0
3773	0
3774	0
3775	0
3776	0
3777	0
3778	1
3779	0
3780	1
3781	0
3782	0
3783	0
3784	1
3785	3
3786	0
3787	1
3788	0
3789	0
3790	0
3791	0
3792	1
3793	0
3794	0
3795	1
3796	1
3797	0
3798	0
3799	2
3800	0
3801	0
3802	0
3803	1
3804	0
3805	0
3806	0
3807	0
3808	0
3809	0
3810	1
3811	0
3812	0
3813	0
3814	1
3815	1
3816	0
3817	0
3818	0
3819	1
3820	0
3821	1
3822	0
3823	0
3824	0
3825	0
3826	0
3827	0
3828	1
3829	1
3830	3
3831	0
3832	1
3833	1
3834	0
3835	0
3836	0
3837	0
3838	1
3839	0
3840	0
3841	1
3842	0
3843	1
3844	0
3845	1
3846	1
3847	0
3848	0
3849	0
3850	0
3851	0
3852	0
3853	0
3854	1
3855	0
3856	0
3857	1
3858	0
3859	0
3860	0
3861	0
3862	0
3863	0
3864	0
3865	0
3866	1
3867	2
3868	1
3869	2
3870	1
3871	1
3872	1
3873	0
3874	0
3875	0
3876	1
3877	0
3878	1
3879	1
3880	0
3881	0
3882	0
3883	0
3884	0
3885	1
3886	0
3887	0
3888	1
3889	0
3890	0
3891	0
3892	0
3893	1
3894	1
3895	0
3896	0
3897	1
3898	0
3899	0
3900	0
3901	0
3902	0
3903	0
3904	0
3905	0
3906	0
3907	0
3908	0
3909	0
3910	0
3911	0
3912	0
3913	0
3914	0
3915	1
3916	0
3917	1
3918	0
3919	0
3920	0
3921	0
3922	0
3923	0
3924	0
3925	0
3926	0
3927	0
3928	0
3929	1
3930	0
3931	0
3932	0
3933	1
3934	0
3935	1
3936	0
3937	0
3938	0
3939	0
3940	0
3941	0
3942	0
3943	0
3944	0
3945	0
3946	0
3947	0
3948	0
3949	0
3950	0
3951	0
3952	0
3953	0
3954	1
3955	0
3956	0
3957	0
3958	1
3959	0
3960	0
3961	0
3962	0
3963	0
3964	0
3965	0
3966	0
3967	0
3968	1
3969	0
3970	0
3971	0
3972	1
3973	0
3974	0
3975	0
3976	0
3977	0
3978	0
3979	0
3980	0
3981	0
3982	0
3983	0
3984	0
3985	0
3986	0
3987	0
3988	0
3989	1
3990	0
3991	0
3992	0
3993	0
3994	0
3995	0
3996	0
3997	0
3998	0
3999	0
4000	0
