Channel number	Impulses
Channel/#	Impulses/#

0	0
1	0
2	0
3	0
4	0
5	0
6	0
7	0
8	0
9	0
10	0
11	0
12	0
13	0
14	0
15	0
16	0
17	0
18	0
19	0
20	0
21	0
22	0
23	0
24	0
25	0
26	0
27	0
28	0
29	0
30	0
31	0
32	0
33	0
34	0
35	0
36	0
37	0
38	0
39	0
40	0
41	0
42	0
43	0
44	0
45	0
46	0
47	0
48	0
49	0
50	0
51	1
52	0
53	4
54	5
55	6
56	5
57	9
58	10
59	10
60	12
61	10
62	9
63	15
64	7
65	9
66	8
67	9
68	6
69	8
70	6
71	11
72	8
73	15
74	12
75	7
76	5
77	9
78	7
79	8
80	3
81	5
82	7
83	3
84	7
85	4
86	2
87	5
88	3
89	3
90	5
91	6
92	9
93	5
94	4
95	8
96	2
97	4
98	8
99	4
100	6
101	4
102	4
103	2
104	4
105	4
106	7
107	7
108	4
109	4
110	3
111	5
112	3
113	3
114	4
115	8
116	2
117	4
118	3
119	2
120	4
121	10
122	2
123	3
124	2
125	3
126	3
127	9
128	3
129	4
130	3
131	2
132	9
133	6
134	3
135	3
136	5
137	6
138	3
139	8
140	5
141	1
142	3
143	3
144	4
145	1
146	3
147	5
148	3
149	5
150	2
151	5
152	0
153	1
154	3
155	6
156	8
157	3
158	5
159	5
160	1
161	5
162	4
163	10
164	4
165	4
166	4
167	5
168	4
169	7
170	1
171	3
172	5
173	6
174	2
175	2
176	4
177	3
178	5
179	3
180	9
181	0
182	5
183	3
184	3
185	3
186	7
187	2
188	5
189	4
190	7
191	8
192	1
193	2
194	6
195	6
196	8
197	2
198	4
199	2
200	2
201	7
202	5
203	3
204	4
205	4
206	6
207	4
208	5
209	3
210	2
211	3
212	3
213	3
214	4
215	3
216	4
217	3
218	5
219	8
220	3
221	4
222	4
223	6
224	1
225	0
226	1
227	4
228	2
229	4
230	5
231	6
232	2
233	1
234	4
235	1
236	2
237	2
238	1
239	4
240	4
241	2
242	6
243	5
244	1
245	1
246	1
247	0
248	1
249	1
250	0
251	3
252	5
253	5
254	3
255	5
256	1
257	3
258	1
259	0
260	1
261	2
262	7
263	2
264	0
265	2
266	3
267	1
268	4
269	2
270	4
271	0
272	3
273	1
274	3
275	1
276	1
277	1
278	3
279	2
280	2
281	4
282	1
283	3
284	5
285	2
286	2
287	2
288	1
289	1
290	2
291	0
292	4
293	3
294	3
295	2
296	3
297	2
298	3
299	0
300	3
301	1
302	2
303	1
304	1
305	1
306	2
307	2
308	1
309	1
310	0
311	2
312	1
313	1
314	1
315	1
316	2
317	1
318	0
319	1
320	0
321	0
322	2
323	2
324	0
325	1
326	1
327	1
328	2
329	1
330	0
331	0
332	0
333	3
334	1
335	2
336	1
337	0
338	1
339	2
340	0
341	1
342	2
343	1
344	2
345	1
346	2
347	1
348	1
349	0
350	1
351	0
352	0
353	0
354	2
355	0
356	0
357	1
358	1
359	0
360	0
361	1
362	3
363	0
364	0
365	1
366	2
367	3
368	2
369	0
370	0
371	7
372	1
373	0
374	3
375	1
376	0
377	1
378	2
379	0
380	0
381	2
382	3
383	2
384	0
385	0
386	0
387	0
388	1
389	2
390	0
391	0
392	1
393	0
394	2
395	2
396	0
397	1
398	0
399	0
400	1
401	0
402	0
403	0
404	0
405	2
406	4
407	0
408	1
409	2
410	0
411	0
412	2
413	0
414	0
415	0
416	0
417	0
418	0
419	2
420	2
421	1
422	0
423	0
424	2
425	2
426	0
427	2
428	0
429	0
430	1
431	0
432	1
433	0
434	1
435	1
436	1
437	1
438	1
439	0
440	0
441	1
442	2
443	0
444	0
445	0
446	1
447	0
448	1
449	0
450	0
451	1
452	1
453	0
454	2
455	0
456	1
457	2
458	1
459	2
460	2
461	1
462	2
463	1
464	0
465	2
466	1
467	0
468	2
469	0
470	1
471	0
472	2
473	2
474	0
475	2
476	1
477	1
478	0
479	0
480	0
481	0
482	2
483	0
484	1
485	2
486	0
487	0
488	1
489	1
490	1
491	0
492	2
493	1
494	2
495	0
496	1
497	2
498	1
499	1
500	0
501	2
502	2
503	0
504	0
505	0
506	2
507	0
508	0
509	1
510	0
511	3
512	0
513	0
514	0
515	0
516	1
517	1
518	0
519	2
520	1
521	0
522	0
523	0
524	1
525	0
526	2
527	3
528	0
529	2
530	0
531	1
532	2
533	0
534	5
535	0
536	2
537	1
538	0
539	0
540	1
541	1
542	1
543	1
544	0
545	0
546	2
547	0
548	0
549	2
550	1
551	1
552	0
553	2
554	2
555	1
556	2
557	0
558	0
559	0
560	2
561	1
562	0
563	2
564	2
565	0
566	2
567	1
568	0
569	1
570	1
571	0
572	1
573	2
574	0
575	2
576	1
577	0
578	0
579	0
580	0
581	2
582	3
583	3
584	0
585	0
586	0
587	1
588	1
589	0
590	0
591	0
592	1
593	2
594	3
595	1
596	0
597	2
598	0
599	2
600	1
601	1
602	0
603	0
604	0
605	1
606	0
607	1
608	2
609	0
610	5
611	0
612	2
613	1
614	1
615	0
616	0
617	1
618	0
619	1
620	3
621	0
622	1
623	1
624	0
625	1
626	2
627	1
628	1
629	0
630	0
631	0
632	0
633	2
634	1
635	0
636	0
637	0
638	0
639	1
640	0
641	1
642	0
643	0
644	0
645	1
646	0
647	0
648	1
649	0
650	0
651	1
652	0
653	0
654	0
655	2
656	0
657	2
658	1
659	1
660	0
661	0
662	2
663	1
664	1
665	1
666	0
667	1
668	0
669	0
670	3
671	1
672	1
673	0
674	0
675	0
676	2
677	1
678	1
679	1
680	1
681	1
682	0
683	0
684	1
685	0
686	1
687	1
688	2
689	0
690	1
691	3
692	0
693	0
694	0
695	0
696	0
697	1
698	0
699	2
700	1
701	1
702	2
703	4
704	1
705	0
706	0
707	2
708	2
709	1
710	1
711	0
712	3
713	2
714	0
715	2
716	0
717	0
718	3
719	0
720	2
721	0
722	1
723	0
724	1
725	3
726	1
727	0
728	0
729	0
730	0
731	1
732	0
733	3
734	0
735	1
736	1
737	3
738	1
739	1
740	2
741	2
742	0
743	0
744	0
745	2
746	0
747	2
748	3
749	0
750	0
751	1
752	1
753	1
754	1
755	0
756	1
757	2
758	2
759	1
760	1
761	2
762	3
763	2
764	4
765	0
766	1
767	1
768	2
769	2
770	1
771	1
772	1
773	2
774	2
775	1
776	2
777	1
778	0
779	1
780	3
781	0
782	4
783	2
784	0
785	0
786	1
787	1
788	0
789	1
790	1
791	1
792	2
793	4
794	0
795	2
796	1
797	2
798	2
799	1
800	0
801	1
802	1
803	1
804	0
805	0
806	2
807	1
808	3
809	1
810	3
811	1
812	2
813	0
814	2
815	0
816	0
817	3
818	3
819	3
820	3
821	0
822	4
823	1
824	0
825	2
826	2
827	1
828	4
829	0
830	1
831	3
832	5
833	3
834	5
835	1
836	4
837	1
838	1
839	1
840	2
841	2
842	1
843	3
844	0
845	4
846	1
847	2
848	1
849	1
850	1
851	3
852	2
853	3
854	2
855	3
856	0
857	2
858	3
859	1
860	5
861	2
862	1
863	2
864	1
865	2
866	0
867	0
868	3
869	5
870	0
871	2
872	1
873	0
874	1
875	1
876	2
877	3
878	2
879	0
880	2
881	0
882	1
883	2
884	0
885	2
886	0
887	1
888	1
889	2
890	0
891	1
892	0
893	2
894	1
895	2
896	0
897	1
898	0
899	2
900	1
901	1
902	4
903	3
904	1
905	2
906	3
907	0
908	2
909	1
910	0
911	2
912	0
913	4
914	1
915	0
916	1
917	0
918	2
919	3
920	3
921	2
922	0
923	1
924	0
925	0
926	1
927	0
928	1
929	1
930	1
931	2
932	1
933	2
934	0
935	1
936	2
937	4
938	1
939	1
940	2
941	1
942	1
943	0
944	2
945	1
946	2
947	0
948	1
949	0
950	3
951	0
952	4
953	4
954	1
955	1
956	0
957	1
958	3
959	2
960	0
961	1
962	1
963	2
964	2
965	0
966	1
967	0
968	0
969	4
970	1
971	3
972	1
973	3
974	1
975	0
976	3
977	2
978	2
979	3
980	1
981	1
982	3
983	0
984	0
985	1
986	2
987	1
988	2
989	1
990	0
991	0
992	1
993	2
994	3
995	1
996	1
997	0
998	1
999	1
1000	1
1001	1
1002	2
1003	1
1004	0
1005	4
1006	2
1007	3
1008	2
1009	1
1010	2
1011	4
1012	5
1013	2
1014	4
1015	1
1016	1
1017	4
1018	0
1019	1
1020	2
1021	3
1022	3
1023	1
1024	0
1025	0
1026	0
1027	1
1028	4
1029	1
1030	3
1031	3
1032	1
1033	3
1034	0
1035	3
1036	1
1037	11
1038	3
1039	3
1040	1
1041	2
1042	2
1043	6
1044	1
1045	1
1046	4
1047	0
1048	5
1049	4
1050	1
1051	1
1052	0
1053	2
1054	1
1055	4
1056	0
1057	1
1058	3
1059	2
1060	4
1061	1
1062	0
1063	0
1064	4
1065	1
1066	0
1067	1
1068	5
1069	2
1070	1
1071	5
1072	2
1073	0
1074	0
1075	3
1076	0
1077	1
1078	1
1079	1
1080	2
1081	0
1082	0
1083	2
1084	2
1085	1
1086	1
1087	0
1088	0
1089	2
1090	3
1091	0
1092	3
1093	2
1094	4
1095	2
1096	1
1097	4
1098	2
1099	0
1100	0
1101	3
1102	0
1103	5
1104	2
1105	2
1106	3
1107	1
1108	3
1109	0
1110	4
1111	2
1112	1
1113	2
1114	6
1115	4
1116	1
1117	4
1118	2
1119	1
1120	1
1121	1
1122	2
1123	2
1124	4
1125	1
1126	1
1127	3
1128	2
1129	4
1130	1
1131	4
1132	4
1133	0
1134	1
1135	3
1136	1
1137	2
1138	0
1139	6
1140	1
1141	2
1142	3
1143	2
1144	6
1145	1
1146	4
1147	2
1148	2
1149	2
1150	4
1151	8
1152	2
1153	2
1154	3
1155	1
1156	2
1157	1
1158	7
1159	0
1160	1
1161	2
1162	2
1163	3
1164	3
1165	3
1166	0
1167	6
1168	2
1169	1
1170	5
1171	1
1172	3
1173	3
1174	4
1175	0
1176	2
1177	2
1178	2
1179	1
1180	2
1181	5
1182	1
1183	3
1184	2
1185	6
1186	2
1187	1
1188	4
1189	3
1190	3
1191	2
1192	3
1193	4
1194	4
1195	0
1196	3
1197	0
1198	4
1199	2
1200	2
1201	3
1202	2
1203	2
1204	3
1205	1
1206	5
1207	2
1208	1
1209	4
1210	3
1211	8
1212	2
1213	3
1214	0
1215	3
1216	1
1217	6
1218	1
1219	3
1220	3
1221	2
1222	3
1223	1
1224	0
1225	1
1226	3
1227	3
1228	1
1229	2
1230	1
1231	3
1232	1
1233	3
1234	2
1235	4
1236	3
1237	1
1238	3
1239	3
1240	3
1241	3
1242	1
1243	3
1244	1
1245	4
1246	3
1247	5
1248	2
1249	2
1250	6
1251	1
1252	4
1253	3
1254	3
1255	3
1256	2
1257	2
1258	4
1259	3
1260	3
1261	2
1262	3
1263	3
1264	1
1265	1
1266	8
1267	2
1268	5
1269	2
1270	1
1271	3
1272	2
1273	1
1274	2
1275	1
1276	2
1277	2
1278	2
1279	9
1280	1
1281	3
1282	3
1283	2
1284	1
1285	1
1286	4
1287	2
1288	5
1289	5
1290	3
1291	3
1292	2
1293	4
1294	3
1295	2
1296	6
1297	3
1298	3
1299	4
1300	2
1301	1
1302	3
1303	3
1304	1
1305	3
1306	4
1307	5
1308	3
1309	1
1310	4
1311	1
1312	7
1313	2
1314	1
1315	2
1316	4
1317	2
1318	3
1319	3
1320	3
1321	5
1322	2
1323	0
1324	6
1325	0
1326	3
1327	4
1328	1
1329	7
1330	2
1331	1
1332	5
1333	3
1334	5
1335	3
1336	6
1337	6
1338	4
1339	3
1340	5
1341	2
1342	2
1343	3
1344	0
1345	4
1346	4
1347	4
1348	2
1349	4
1350	6
1351	5
1352	2
1353	1
1354	4
1355	3
1356	5
1357	6
1358	5
1359	3
1360	2
1361	3
1362	2
1363	0
1364	1
1365	1
1366	3
1367	2
1368	1
1369	5
1370	1
1371	4
1372	3
1373	3
1374	5
1375	2
1376	3
1377	3
1378	3
1379	1
1380	5
1381	1
1382	1
1383	0
1384	7
1385	2
1386	4
1387	3
1388	3
1389	4
1390	4
1391	0
1392	7
1393	2
1394	3
1395	2
1396	2
1397	2
1398	3
1399	7
1400	2
1401	3
1402	2
1403	5
1404	0
1405	2
1406	1
1407	3
1408	4
1409	3
1410	3
1411	6
1412	6
1413	1
1414	6
1415	5
1416	2
1417	6
1418	5
1419	0
1420	7
1421	4
1422	2
1423	2
1424	3
1425	2
1426	2
1427	4
1428	5
1429	4
1430	3
1431	4
1432	0
1433	4
1434	2
1435	2
1436	2
1437	1
1438	2
1439	5
1440	0
1441	4
1442	0
1443	3
1444	2
1445	2
1446	8
1447	5
1448	2
1449	3
1450	6
1451	1
1452	4
1453	4
1454	2
1455	3
1456	6
1457	2
1458	6
1459	2
1460	6
1461	2
1462	10
1463	2
1464	4
1465	5
1466	3
1467	3
1468	4
1469	3
1470	3
1471	3
1472	2
1473	1
1474	5
1475	3
1476	4
1477	2
1478	10
1479	0
1480	4
1481	3
1482	2
1483	7
1484	2
1485	4
1486	5
1487	6
1488	2
1489	1
1490	3
1491	4
1492	6
1493	3
1494	0
1495	2
1496	5
1497	4
1498	6
1499	4
1500	7
1501	3
1502	3
1503	4
1504	3
1505	3
1506	4
1507	3
1508	10
1509	8
1510	5
1511	3
1512	3
1513	8
1514	4
1515	2
1516	1
1517	8
1518	5
1519	4
1520	2
1521	4
1522	5
1523	3
1524	6
1525	3
1526	6
1527	3
1528	2
1529	6
1530	6
1531	4
1532	7
1533	4
1534	3
1535	8
1536	0
1537	4
1538	3
1539	7
1540	3
1541	3
1542	4
1543	7
1544	3
1545	7
1546	4
1547	4
1548	5
1549	2
1550	3
1551	3
1552	5
1553	3
1554	4
1555	2
1556	5
1557	2
1558	4
1559	2
1560	3
1561	4
1562	6
1563	6
1564	2
1565	8
1566	3
1567	3
1568	4
1569	11
1570	3
1571	7
1572	12
1573	3
1574	3
1575	3
1576	3
1577	4
1578	3
1579	3
1580	7
1581	3
1582	2
1583	4
1584	2
1585	9
1586	7
1587	8
1588	4
1589	2
1590	2
1591	3
1592	3
1593	8
1594	3
1595	7
1596	6
1597	4
1598	4
1599	6
1600	2
1601	7
1602	2
1603	3
1604	6
1605	6
1606	10
1607	4
1608	5
1609	6
1610	4
1611	7
1612	9
1613	3
1614	2
1615	6
1616	3
1617	5
1618	4
1619	7
1620	5
1621	3
1622	4
1623	3
1624	2
1625	10
1626	6
1627	4
1628	4
1629	2
1630	4
1631	5
1632	7
1633	7
1634	5
1635	6
1636	3
1637	5
1638	4
1639	4
1640	3
1641	14
1642	2
1643	10
1644	9
1645	6
1646	1
1647	8
1648	4
1649	2
1650	8
1651	11
1652	6
1653	4
1654	4
1655	1
1656	3
1657	1
1658	3
1659	3
1660	5
1661	4
1662	4
1663	7
1664	3
1665	2
1666	5
1667	4
1668	7
1669	3
1670	3
1671	3
1672	3
1673	9
1674	5
1675	8
1676	3
1677	2
1678	11
1679	7
1680	5
1681	5
1682	4
1683	8
1684	6
1685	1
1686	6
1687	3
1688	7
1689	7
1690	11
1691	8
1692	7
1693	4
1694	4
1695	8
1696	6
1697	3
1698	4
1699	5
1700	3
1701	6
1702	4
1703	4
1704	4
1705	6
1706	3
1707	6
1708	3
1709	2
1710	12
1711	3
1712	5
1713	5
1714	6
1715	8
1716	7
1717	6
1718	9
1719	9
1720	3
1721	6
1722	4
1723	12
1724	4
1725	5
1726	6
1727	6
1728	13
1729	4
1730	2
1731	3
1732	5
1733	2
1734	10
1735	6
1736	7
1737	9
1738	6
1739	4
1740	9
1741	5
1742	8
1743	7
1744	6
1745	4
1746	11
1747	5
1748	6
1749	4
1750	7
1751	4
1752	8
1753	9
1754	4
1755	5
1756	4
1757	1
1758	3
1759	5
1760	4
1761	4
1762	2
1763	11
1764	8
1765	4
1766	4
1767	7
1768	8
1769	9
1770	3
1771	5
1772	10
1773	5
1774	6
1775	4
1776	7
1777	6
1778	4
1779	10
1780	12
1781	8
1782	8
1783	7
1784	2
1785	7
1786	7
1787	4
1788	6
1789	7
1790	10
1791	8
1792	5
1793	6
1794	8
1795	6
1796	5
1797	9
1798	4
1799	3
1800	11
1801	8
1802	10
1803	6
1804	7
1805	3
1806	10
1807	10
1808	3
1809	5
1810	10
1811	4
1812	6
1813	2
1814	10
1815	10
1816	7
1817	7
1818	9
1819	5
1820	12
1821	6
1822	9
1823	7
1824	10
1825	6
1826	7
1827	5
1828	11
1829	7
1830	8
1831	6
1832	6
1833	9
1834	4
1835	6
1836	12
1837	9
1838	4
1839	8
1840	10
1841	12
1842	7
1843	12
1844	10
1845	3
1846	15
1847	6
1848	3
1849	15
1850	4
1851	12
1852	12
1853	11
1854	14
1855	14
1856	9
1857	8
1858	5
1859	9
1860	14
1861	3
1862	8
1863	6
1864	15
1865	17
1866	8
1867	12
1868	14
1869	10
1870	17
1871	13
1872	12
1873	15
1874	17
1875	16
1876	14
1877	11
1878	11
1879	7
1880	21
1881	12
1882	17
1883	18
1884	16
1885	16
1886	19
1887	16
1888	18
1889	12
1890	16
1891	19
1892	21
1893	19
1894	27
1895	27
1896	14
1897	15
1898	25
1899	19
1900	34
1901	25
1902	19
1903	23
1904	25
1905	20
1906	22
1907	29
1908	34
1909	19
1910	36
1911	19
1912	21
1913	40
1914	30
1915	36
1916	36
1917	24
1918	29
1919	33
1920	31
1921	29
1922	25
1923	27
1924	36
1925	24
1926	33
1927	31
1928	28
1929	40
1930	23
1931	40
1932	41
1933	30
1934	35
1935	21
1936	38
1937	32
1938	42
1939	31
1940	32
1941	31
1942	44
1943	30
1944	29
1945	34
1946	31
1947	30
1948	33
1949	25
1950	36
1951	30
1952	34
1953	26
1954	28
1955	31
1956	40
1957	20
1958	37
1959	20
1960	20
1961	22
1962	24
1963	17
1964	24
1965	15
1966	34
1967	20
1968	39
1969	30
1970	26
1971	35
1972	24
1973	21
1974	25
1975	10
1976	17
1977	25
1978	20
1979	28
1980	20
1981	16
1982	15
1983	17
1984	15
1985	19
1986	21
1987	15
1988	16
1989	25
1990	20
1991	13
1992	23
1993	16
1994	3
1995	18
1996	14
1997	12
1998	18
1999	11
2000	15
2001	17
2002	13
2003	12
2004	11
2005	8
2006	17
2007	8
2008	11
2009	11
2010	10
2011	11
2012	6
2013	7
2014	9
2015	6
2016	5
2017	10
2018	8
2019	3
2020	6
2021	8
2022	4
2023	4
2024	10
2025	10
2026	6
2027	11
2028	5
2029	8
2030	9
2031	6
2032	8
2033	1
2034	8
2035	3
2036	9
2037	2
2038	11
2039	6
2040	5
2041	8
2042	7
2043	10
2044	4
2045	3
2046	6
2047	6
2048	3
2049	4
2050	2
2051	3
2052	8
2053	8
2054	6
2055	5
2056	4
2057	8
2058	2
2059	5
2060	9
2061	6
2062	9
2063	4
2064	5
2065	5
2066	4
2067	6
2068	1
2069	3
2070	6
2071	3
2072	4
2073	8
2074	4
2075	6
2076	7
2077	6
2078	2
2079	6
2080	4
2081	9
2082	4
2083	3
2084	7
2085	3
2086	8
2087	5
2088	5
2089	4
2090	4
2091	3
2092	7
2093	1
2094	9
2095	6
2096	5
2097	5
2098	7
2099	8
2100	9
2101	8
2102	7
2103	6
2104	6
2105	9
2106	8
2107	7
2108	9
2109	6
2110	6
2111	5
2112	3
2113	3
2114	5
2115	8
2116	7
2117	6
2118	6
2119	5
2120	3
2121	4
2122	3
2123	4
2124	5
2125	7
2126	8
2127	11
2128	4
2129	6
2130	6
2131	7
2132	10
2133	5
2134	11
2135	5
2136	4
2137	11
2138	8
2139	10
2140	8
2141	14
2142	10
2143	10
2144	4
2145	6
2146	11
2147	8
2148	8
2149	2
2150	14
2151	10
2152	10
2153	9
2154	4
2155	6
2156	17
2157	5
2158	3
2159	8
2160	7
2161	8
2162	11
2163	11
2164	6
2165	12
2166	10
2167	16
2168	7
2169	14
2170	8
2171	11
2172	14
2173	7
2174	9
2175	11
2176	9
2177	6
2178	12
2179	10
2180	6
2181	5
2182	21
2183	8
2184	11
2185	16
2186	4
2187	10
2188	14
2189	10
2190	6
2191	10
2192	6
2193	10
2194	8
2195	6
2196	8
2197	11
2198	10
2199	6
2200	7
2201	11
2202	5
2203	5
2204	9
2205	12
2206	8
2207	12
2208	7
2209	17
2210	12
2211	8
2212	11
2213	4
2214	16
2215	5
2216	7
2217	9
2218	8
2219	9
2220	7
2221	9
2222	10
2223	5
2224	8
2225	8
2226	13
2227	11
2228	5
2229	5
2230	11
2231	6
2232	6
2233	8
2234	3
2235	4
2236	7
2237	8
2238	4
2239	4
2240	13
2241	5
2242	5
2243	4
2244	4
2245	9
2246	9
2247	4
2248	9
2249	10
2250	10
2251	4
2252	7
2253	4
2254	10
2255	5
2256	5
2257	4
2258	4
2259	10
2260	2
2261	3
2262	7
2263	2
2264	5
2265	10
2266	2
2267	5
2268	10
2269	10
2270	3
2271	4
2272	4
2273	5
2274	7
2275	7
2276	10
2277	6
2278	7
2279	5
2280	3
2281	6
2282	2
2283	0
2284	8
2285	6
2286	10
2287	3
2288	7
2289	5
2290	4
2291	5
2292	2
2293	2
2294	4
2295	5
2296	1
2297	10
2298	4
2299	7
2300	4
2301	3
2302	5
2303	4
2304	0
2305	3
2306	4
2307	6
2308	1
2309	3
2310	3
2311	4
2312	4
2313	7
2314	3
2315	2
2316	1
2317	4
2318	2
2319	3
2320	2
2321	5
2322	2
2323	6
2324	6
2325	1
2326	4
2327	3
2328	2
2329	9
2330	3
2331	2
2332	2
2333	3
2334	6
2335	5
2336	4
2337	1
2338	1
2339	4
2340	4
2341	3
2342	8
2343	4
2344	2
2345	5
2346	1
2347	2
2348	3
2349	7
2350	5
2351	3
2352	4
2353	4
2354	4
2355	6
2356	2
2357	1
2358	6
2359	1
2360	5
2361	4
2362	2
2363	8
2364	1
2365	5
2366	4
2367	2
2368	1
2369	5
2370	5
2371	7
2372	8
2373	1
2374	6
2375	3
2376	2
2377	5
2378	3
2379	4
2380	5
2381	2
2382	4
2383	6
2384	2
2385	4
2386	6
2387	5
2388	4
2389	4
2390	4
2391	5
2392	2
2393	4
2394	3
2395	2
2396	4
2397	2
2398	4
2399	1
2400	6
2401	3
2402	7
2403	4
2404	1
2405	3
2406	7
2407	4
2408	2
2409	2
2410	6
2411	2
2412	5
2413	3
2414	3
2415	4
2416	6
2417	0
2418	2
2419	6
2420	3
2421	1
2422	4
2423	3
2424	2
2425	6
2426	4
2427	5
2428	3
2429	6
2430	5
2431	2
2432	3
2433	2
2434	5
2435	0
2436	7
2437	2
2438	4
2439	2
2440	4
2441	4
2442	1
2443	5
2444	4
2445	6
2446	3
2447	4
2448	2
2449	2
2450	2
2451	5
2452	5
2453	2
2454	5
2455	2
2456	3
2457	5
2458	2
2459	8
2460	4
2461	3
2462	3
2463	6
2464	2
2465	5
2466	3
2467	3
2468	2
2469	5
2470	3
2471	3
2472	4
2473	3
2474	1
2475	2
2476	6
2477	4
2478	3
2479	6
2480	5
2481	2
2482	5
2483	3
2484	4
2485	6
2486	7
2487	1
2488	2
2489	7
2490	7
2491	4
2492	6
2493	4
2494	3
2495	9
2496	3
2497	6
2498	5
2499	4
2500	4
2501	5
2502	6
2503	2
2504	4
2505	5
2506	2
2507	6
2508	7
2509	7
2510	3
2511	2
2512	4
2513	3
2514	4
2515	8
2516	3
2517	4
2518	4
2519	3
2520	3
2521	10
2522	4
2523	7
2524	6
2525	5
2526	7
2527	3
2528	9
2529	4
2530	5
2531	3
2532	13
2533	4
2534	9
2535	8
2536	6
2537	9
2538	7
2539	6
2540	11
2541	4
2542	4
2543	5
2544	4
2545	4
2546	9
2547	5
2548	7
2549	5
2550	5
2551	3
2552	9
2553	7
2554	4
2555	7
2556	10
2557	11
2558	4
2559	8
2560	8
2561	5
2562	8
2563	6
2564	2
2565	4
2566	6
2567	6
2568	11
2569	6
2570	4
2571	7
2572	5
2573	5
2574	5
2575	7
2576	2
2577	5
2578	6
2579	9
2580	2
2581	3
2582	8
2583	5
2584	7
2585	7
2586	4
2587	6
2588	5
2589	9
2590	4
2591	2
2592	3
2593	0
2594	6
2595	2
2596	5
2597	2
2598	6
2599	4
2600	2
2601	4
2602	3
2603	2
2604	3
2605	2
2606	3
2607	3
2608	0
2609	4
2610	1
2611	4
2612	3
2613	4
2614	6
2615	1
2616	2
2617	7
2618	5
2619	4
2620	3
2621	8
2622	2
2623	0
2624	3
2625	3
2626	5
2627	6
2628	3
2629	3
2630	6
2631	4
2632	1
2633	3
2634	2
2635	13
2636	6
2637	1
2638	3
2639	5
2640	3
2641	2
2642	4
2643	4
2644	3
2645	5
2646	4
2647	2
2648	3
2649	4
2650	5
2651	3
2652	5
2653	4
2654	3
2655	7
2656	2
2657	2
2658	1
2659	1
2660	4
2661	2
2662	7
2663	5
2664	3
2665	1
2666	3
2667	1
2668	3
2669	2
2670	5
2671	2
2672	1
2673	3
2674	5
2675	3
2676	1
2677	4
2678	6
2679	7
2680	1
2681	2
2682	4
2683	4
2684	3
2685	2
2686	2
2687	7
2688	1
2689	4
2690	7
2691	4
2692	4
2693	3
2694	3
2695	2
2696	3
2697	5
2698	2
2699	2
2700	4
2701	2
2702	2
2703	2
2704	0
2705	4
2706	1
2707	5
2708	7
2709	3
2710	1
2711	6
2712	5
2713	4
2714	6
2715	5
2716	5
2717	4
2718	7
2719	5
2720	1
2721	2
2722	4
2723	2
2724	7
2725	2
2726	6
2727	1
2728	3
2729	6
2730	1
2731	2
2732	4
2733	2
2734	3
2735	3
2736	2
2737	3
2738	1
2739	4
2740	4
2741	4
2742	6
2743	1
2744	4
2745	1
2746	1
2747	3
2748	3
2749	2
2750	3
2751	1
2752	9
2753	3
2754	4
2755	3
2756	2
2757	1
2758	2
2759	1
2760	2
2761	3
2762	5
2763	5
2764	3
2765	2
2766	4
2767	0
2768	3
2769	1
2770	5
2771	1
2772	2
2773	1
2774	1
2775	1
2776	7
2777	3
2778	4
2779	3
2780	2
2781	3
2782	4
2783	7
2784	1
2785	1
2786	1
2787	5
2788	6
2789	5
2790	4
2791	3
2792	3
2793	4
2794	3
2795	3
2796	2
2797	4
2798	4
2799	3
2800	3
2801	3
2802	0
2803	7
2804	3
2805	1
2806	2
2807	4
2808	2
2809	0
2810	3
2811	4
2812	1
2813	4
2814	0
2815	4
2816	1
2817	6
2818	5
2819	3
2820	6
2821	2
2822	4
2823	2
2824	3
2825	5
2826	4
2827	1
2828	1
2829	2
2830	5
2831	3
2832	6
2833	3
2834	6
2835	7
2836	6
2837	4
2838	6
2839	1
2840	2
2841	6
2842	4
2843	4
2844	2
2845	3
2846	4
2847	0
2848	2
2849	6
2850	5
2851	3
2852	7
2853	2
2854	2
2855	4
2856	1
2857	5
2858	1
2859	7
2860	6
2861	2
2862	4
2863	3
2864	3
2865	3
2866	3
2867	5
2868	5
2869	3
2870	2
2871	1
2872	1
2873	3
2874	2
2875	3
2876	4
2877	4
2878	6
2879	1
2880	1
2881	2
2882	10
2883	3
2884	4
2885	7
2886	6
2887	3
2888	5
2889	5
2890	2
2891	3
2892	5
2893	0
2894	2
2895	2
2896	4
2897	2
2898	9
2899	6
2900	3
2901	1
2902	6
2903	4
2904	1
2905	3
2906	4
2907	5
2908	2
2909	6
2910	6
2911	0
2912	5
2913	4
2914	3
2915	2
2916	5
2917	1
2918	5
2919	7
2920	1
2921	3
2922	3
2923	2
2924	8
2925	3
2926	3
2927	3
2928	1
2929	5
2930	4
2931	4
2932	2
2933	1
2934	2
2935	5
2936	4
2937	1
2938	5
2939	4
2940	5
2941	3
2942	1
2943	6
2944	5
2945	6
2946	3
2947	2
2948	5
2949	4
2950	7
2951	1
2952	6
2953	4
2954	0
2955	2
2956	4
2957	2
2958	3
2959	2
2960	4
2961	4
2962	5
2963	2
2964	1
2965	4
2966	4
2967	3
2968	2
2969	5
2970	2
2971	5
2972	2
2973	4
2974	3
2975	4
2976	3
2977	3
2978	6
2979	5
2980	0
2981	2
2982	7
2983	0
2984	4
2985	2
2986	2
2987	2
2988	5
2989	6
2990	6
2991	0
2992	4
2993	6
2994	4
2995	2
2996	3
2997	1
2998	0
2999	3
3000	1
3001	2
3002	1
3003	4
3004	3
3005	4
3006	6
3007	1
3008	2
3009	1
3010	2
3011	2
3012	3
3013	2
3014	3
3015	1
3016	4
3017	4
3018	6
3019	1
3020	4
3021	1
3022	2
3023	4
3024	3
3025	6
3026	0
3027	2
3028	3
3029	4
3030	4
3031	4
3032	5
3033	4
3034	1
3035	5
3036	2
3037	3
3038	3
3039	1
3040	3
3041	4
3042	2
3043	0
3044	6
3045	7
3046	1
3047	3
3048	5
3049	5
3050	2
3051	3
3052	7
3053	1
3054	1
3055	2
3056	1
3057	2
3058	3
3059	3
3060	2
3061	4
3062	5
3063	2
3064	1
3065	6
3066	3
3067	2
3068	2
3069	0
3070	3
3071	1
3072	5
3073	3
3074	1
3075	4
3076	2
3077	4
3078	2
3079	4
3080	2
3081	5
3082	2
3083	3
3084	2
3085	5
3086	5
3087	0
3088	3
3089	1
3090	3
3091	2
3092	3
3093	0
3094	2
3095	3
3096	2
3097	2
3098	3
3099	10
3100	6
3101	2
3102	1
3103	1
3104	1
3105	2
3106	3
3107	3
3108	5
3109	2
3110	3
3111	4
3112	4
3113	3
3114	3
3115	2
3116	4
3117	3
3118	6
3119	0
3120	2
3121	4
3122	1
3123	6
3124	3
3125	3
3126	3
3127	4
3128	1
3129	4
3130	0
3131	3
3132	2
3133	3
3134	2
3135	2
3136	2
3137	2
3138	1
3139	3
3140	3
3141	0
3142	2
3143	1
3144	3
3145	1
3146	3
3147	4
3148	2
3149	0
3150	2
3151	3
3152	1
3153	1
3154	6
3155	3
3156	3
3157	0
3158	5
3159	0
3160	0
3161	4
3162	1
3163	2
3164	3
3165	1
3166	0
3167	4
3168	3
3169	2
3170	3
3171	2
3172	6
3173	2
3174	4
3175	1
3176	4
3177	1
3178	4
3179	1
3180	4
3181	6
3182	2
3183	2
3184	1
3185	1
3186	0
3187	5
3188	2
3189	2
3190	2
3191	2
3192	0
3193	3
3194	3
3195	2
3196	2
3197	2
3198	2
3199	3
3200	2
3201	1
3202	3
3203	4
3204	4
3205	0
3206	1
3207	1
3208	2
3209	3
3210	2
3211	3
3212	3
3213	4
3214	2
3215	5
3216	1
3217	3
3218	1
3219	1
3220	2
3221	1
3222	2
3223	2
3224	1
3225	3
3226	1
3227	2
3228	2
3229	2
3230	3
3231	3
3232	3
3233	1
3234	1
3235	0
3236	0
3237	0
3238	2
3239	0
3240	0
3241	1
3242	1
3243	3
3244	5
3245	2
3246	0
3247	3
3248	4
3249	2
3250	1
3251	3
3252	4
3253	2
3254	2
3255	2
3256	2
3257	2
3258	2
3259	3
3260	1
3261	2
3262	2
3263	4
3264	0
3265	2
3266	3
3267	3
3268	4
3269	4
3270	3
3271	4
3272	1
3273	5
3274	1
3275	3
3276	2
3277	0
3278	4
3279	2
3280	2
3281	1
3282	1
3283	1
3284	3
3285	1
3286	4
3287	1
3288	2
3289	0
3290	1
3291	0
3292	2
3293	1
3294	2
3295	1
3296	2
3297	1
3298	2
3299	2
3300	1
3301	1
3302	2
3303	6
3304	3
3305	0
3306	1
3307	3
3308	3
3309	1
3310	1
3311	2
3312	1
3313	1
3314	3
3315	7
3316	1
3317	2
3318	5
3319	1
3320	1
3321	0
3322	1
3323	3
3324	5
3325	0
3326	2
3327	0
3328	3
3329	2
3330	1
3331	2
3332	0
3333	2
3334	1
3335	0
3336	2
3337	3
3338	1
3339	1
3340	2
3341	1
3342	2
3343	0
3344	0
3345	4
3346	0
3347	0
3348	0
3349	1
3350	2
3351	1
3352	1
3353	3
3354	1
3355	2
3356	2
3357	3
3358	2
3359	2
3360	3
3361	2
3362	2
3363	1
3364	0
3365	3
3366	2
3367	2
3368	3
3369	7
3370	1
3371	1
3372	2
3373	1
3374	0
3375	1
3376	1
3377	2
3378	1
3379	5
3380	1
3381	0
3382	3
3383	3
3384	0
3385	0
3386	1
3387	1
3388	3
3389	5
3390	2
3391	1
3392	0
3393	2
3394	1
3395	1
3396	2
3397	0
3398	1
3399	0
3400	0
3401	3
3402	1
3403	1
3404	1
3405	1
3406	0
3407	3
3408	1
3409	3
3410	1
3411	5
3412	2
3413	1
3414	3
3415	1
3416	4
3417	0
3418	2
3419	1
3420	1
3421	2
3422	2
3423	1
3424	0
3425	2
3426	0
3427	0
3428	1
3429	0
3430	1
3431	2
3432	0
3433	2
3434	0
3435	1
3436	1
3437	1
3438	4
3439	0
3440	1
3441	1
3442	2
3443	2
3444	0
3445	2
3446	1
3447	0
3448	0
3449	4
3450	2
3451	1
3452	2
3453	2
3454	1
3455	0
3456	1
3457	1
3458	1
3459	2
3460	1
3461	1
3462	1
3463	0
3464	2
3465	3
3466	0
3467	2
3468	3
3469	1
3470	1
3471	1
3472	0
3473	1
3474	1
3475	0
3476	2
3477	0
3478	0
3479	0
3480	2
3481	1
3482	1
3483	1
3484	1
3485	0
3486	1
3487	3
3488	1
3489	1
3490	1
3491	2
3492	1
3493	1
3494	1
3495	1
3496	0
3497	2
3498	1
3499	0
3500	1
3501	1
3502	1
3503	0
3504	2
3505	1
3506	1
3507	2
3508	0
3509	1
3510	3
3511	1
3512	1
3513	1
3514	1
3515	1
3516	2
3517	0
3518	3
3519	1
3520	0
3521	3
3522	1
3523	0
3524	4
3525	1
3526	1
3527	0
3528	5
3529	0
3530	0
3531	1
3532	1
3533	0
3534	1
3535	2
3536	3
3537	4
3538	1
3539	2
3540	0
3541	0
3542	7
3543	1
3544	4
3545	3
3546	1
3547	0
3548	1
3549	0
3550	3
3551	0
3552	1
3553	0
3554	3
3555	4
3556	2
3557	2
3558	3
3559	0
3560	1
3561	1
3562	0
3563	0
3564	1
3565	0
3566	1
3567	0
3568	1
3569	4
3570	0
3571	3
3572	1
3573	0
3574	5
3575	2
3576	1
3577	1
3578	1
3579	0
3580	0
3581	0
3582	1
3583	1
3584	1
3585	2
3586	1
3587	1
3588	2
3589	0
3590	3
3591	0
3592	0
3593	1
3594	0
3595	1
3596	2
3597	3
3598	1
3599	1
3600	0
3601	1
3602	0
3603	0
3604	2
3605	0
3606	2
3607	1
3608	0
3609	5
3610	1
3611	0
3612	2
3613	2
3614	2
3615	1
3616	0
3617	0
3618	0
3619	0
3620	0
3621	0
3622	0
3623	3
3624	1
3625	0
3626	4
3627	0
3628	0
3629	2
3630	1
3631	0
3632	2
3633	1
3634	0
3635	0
3636	0
3637	1
3638	3
3639	2
3640	1
3641	0
3642	0
3643	0
3644	1
3645	1
3646	3
3647	1
3648	0
3649	0
3650	0
3651	1
3652	0
3653	1
3654	0
3655	0
3656	2
3657	1
3658	2
3659	0
3660	1
3661	2
3662	1
3663	0
3664	0
3665	1
3666	2
3667	1
3668	0
3669	2
3670	1
3671	0
3672	1
3673	0
3674	1
3675	1
3676	2
3677	1
3678	0
3679	0
3680	2
3681	0
3682	2
3683	0
3684	2
3685	0
3686	0
3687	0
3688	1
3689	1
3690	0
3691	2
3692	0
3693	0
3694	1
3695	0
3696	1
3697	0
3698	0
3699	0
3700	0
3701	0
3702	2
3703	1
3704	0
3705	1
3706	1
3707	0
3708	0
3709	1
3710	2
3711	1
3712	2
3713	0
3714	0
3715	2
3716	1
3717	1
3718	1
3719	1
3720	0
3721	1
3722	1
3723	0
3724	0
3725	0
3726	1
3727	0
3728	1
3729	0
3730	0
3731	1
3732	1
3733	0
3734	0
3735	0
3736	0
3737	1
3738	1
3739	0
3740	0
3741	1
3742	0
3743	1
3744	0
3745	0
3746	0
3747	0
3748	2
3749	1
3750	0
3751	0
3752	0
3753	1
3754	0
3755	1
3756	1
3757	0
3758	0
3759	0
3760	0
3761	0
3762	0
3763	0
3764	0
3765	1
3766	0
3767	0
3768	1
3769	0
3770	2
3771	1
3772	1
3773	2
3774	0
3775	0
3776	0
3777	3
3778	0
3779	1
3780	1
3781	0
3782	0
3783	0
3784	0
3785	2
3786	1
3787	0
3788	0
3789	0
3790	2
3791	0
3792	0
3793	0
3794	2
3795	0
3796	0
3797	0
3798	2
3799	0
3800	0
3801	1
3802	0
3803	0
3804	0
3805	0
3806	1
3807	0
3808	0
3809	1
3810	1
3811	0
3812	1
3813	0
3814	0
3815	0
3816	0
3817	0
3818	0
3819	0
3820	0
3821	0
3822	0
3823	0
3824	0
3825	0
3826	1
3827	0
3828	0
3829	0
3830	1
3831	0
3832	0
3833	0
3834	0
3835	0
3836	0
3837	0
3838	1
3839	0
3840	0
3841	0
3842	0
3843	0
3844	0
3845	0
3846	1
3847	0
3848	0
3849	0
3850	0
3851	0
3852	0
3853	0
3854	0
3855	0
3856	0
3857	0
3858	0
3859	0
3860	0
3861	0
3862	1
3863	0
3864	0
3865	1
3866	0
3867	0
3868	0
3869	0
3870	1
3871	0
3872	0
3873	0
3874	0
3875	0
3876	0
3877	0
3878	0
3879	0
3880	0
3881	1
3882	0
3883	0
3884	1
3885	1
3886	0
3887	0
3888	0
3889	0
3890	0
3891	0
3892	0
3893	1
3894	1
3895	0
3896	0
3897	0
3898	0
3899	0
3900	0
3901	0
3902	0
3903	0
3904	0
3905	0
3906	0
3907	0
3908	0
3909	0
3910	1
3911	0
3912	0
3913	0
3914	0
3915	0
3916	0
3917	0
3918	0
3919	0
3920	0
3921	0
3922	0
3923	1
3924	0
3925	0
3926	0
3927	0
3928	0
3929	0
3930	0
3931	0
3932	0
3933	0
3934	0
3935	0
3936	0
3937	0
3938	0
3939	0
3940	0
3941	0
3942	0
3943	0
3944	0
3945	0
3946	0
3947	0
3948	0
3949	0
3950	0
3951	0
3952	0
3953	0
3954	0
3955	0
3956	0
3957	0
3958	0
3959	0
3960	0
3961	0
3962	0
3963	0
3964	0
3965	0
3966	0
3967	0
3968	0
3969	0
3970	0
3971	0
3972	0
3973	0
3974	0
3975	0
3976	0
3977	0
3978	0
3979	0
3980	0
3981	0
3982	0
3983	0
3984	0
3985	0
3986	0
3987	0
3988	0
3989	0
3990	0
3991	0
3992	0
3993	0
3994	0
3995	0
3996	0
3997	0
3998	0
3999	0
4000	0
