Channel number	Impulses
Channel/#	Impulses/#

0	0
1	0
2	0
3	0
4	0
5	0
6	0
7	0
8	0
9	0
10	0
11	0
12	0
13	0
14	0
15	0
16	0
17	0
18	0
19	0
20	0
21	0
22	0
23	0
24	0
25	0
26	0
27	0
28	0
29	0
30	0
31	0
32	0
33	1
34	0
35	0
36	0
37	0
38	0
39	0
40	0
41	0
42	0
43	0
44	0
45	0
46	0
47	0
48	0
49	0
50	0
51	0
52	2
53	0
54	2
55	0
56	2
57	1
58	7
59	5
60	3
61	10
62	4
63	8
64	3
65	3
66	7
67	8
68	7
69	6
70	5
71	8
72	0
73	3
74	3
75	8
76	6
77	4
78	2
79	7
80	1
81	7
82	7
83	3
84	3
85	6
86	10
87	4
88	4
89	10
90	6
91	4
92	7
93	5
94	4
95	4
96	1
97	3
98	4
99	4
100	10
101	3
102	5
103	4
104	6
105	7
106	4
107	3
108	3
109	5
110	4
111	8
112	3
113	4
114	5
115	2
116	2
117	5
118	9
119	5
120	6
121	6
122	4
123	6
124	6
125	3
126	4
127	9
128	1
129	6
130	5
131	6
132	3
133	0
134	7
135	4
136	1
137	2
138	3
139	3
140	4
141	8
142	7
143	3
144	5
145	6
146	6
147	9
148	6
149	5
150	2
151	2
152	8
153	5
154	0
155	6
156	6
157	2
158	2
159	5
160	2
161	6
162	0
163	5
164	8
165	3
166	3
167	2
168	5
169	4
170	6
171	3
172	6
173	4
174	3
175	2
176	6
177	1
178	6
179	4
180	8
181	4
182	9
183	1
184	4
185	2
186	6
187	1
188	1
189	4
190	5
191	3
192	3
193	6
194	5
195	3
196	3
197	11
198	4
199	4
200	3
201	5
202	1
203	3
204	4
205	1
206	3
207	3
208	2
209	3
210	4
211	4
212	1
213	4
214	3
215	5
216	2
217	0
218	6
219	6
220	0
221	3
222	5
223	7
224	2
225	5
226	1
227	5
228	5
229	3
230	5
231	2
232	3
233	3
234	3
235	2
236	3
237	4
238	2
239	2
240	6
241	2
242	5
243	0
244	4
245	2
246	4
247	2
248	2
249	6
250	1
251	0
252	2
253	5
254	2
255	1
256	0
257	0
258	2
259	1
260	3
261	4
262	1
263	4
264	4
265	1
266	1
267	3
268	2
269	3
270	5
271	0
272	3
273	2
274	2
275	2
276	0
277	1
278	0
279	5
280	2
281	3
282	4
283	5
284	0
285	1
286	1
287	2
288	4
289	2
290	1
291	5
292	4
293	4
294	3
295	5
296	0
297	3
298	2
299	0
300	3
301	2
302	3
303	3
304	1
305	8
306	4
307	2
308	2
309	2
310	4
311	0
312	3
313	0
314	1
315	2
316	2
317	4
318	3
319	4
320	2
321	3
322	2
323	2
324	4
325	0
326	3
327	0
328	5
329	5
330	4
331	3
332	1
333	0
334	4
335	3
336	2
337	4
338	3
339	2
340	5
341	1
342	0
343	1
344	1
345	2
346	0
347	1
348	1
349	3
350	3
351	2
352	1
353	3
354	0
355	2
356	1
357	3
358	2
359	1
360	3
361	1
362	3
363	3
364	1
365	0
366	2
367	1
368	1
369	4
370	2
371	4
372	3
373	4
374	1
375	0
376	2
377	3
378	5
379	1
380	0
381	1
382	1
383	4
384	0
385	1
386	2
387	4
388	4
389	1
390	3
391	2
392	1
393	2
394	2
395	2
396	0
397	2
398	1
399	3
400	0
401	4
402	3
403	0
404	1
405	1
406	3
407	2
408	1
409	2
410	3
411	2
412	2
413	0
414	2
415	3
416	0
417	1
418	5
419	1
420	2
421	5
422	4
423	3
424	1
425	3
426	2
427	1
428	4
429	2
430	3
431	4
432	3
433	0
434	3
435	0
436	4
437	3
438	2
439	1
440	3
441	0
442	1
443	2
444	4
445	1
446	3
447	6
448	3
449	2
450	2
451	1
452	4
453	3
454	3
455	3
456	0
457	3
458	1
459	0
460	4
461	4
462	6
463	1
464	2
465	3
466	1
467	3
468	2
469	1
470	1
471	2
472	1
473	1
474	2
475	3
476	1
477	2
478	5
479	5
480	3
481	2
482	1
483	1
484	1
485	2
486	1
487	3
488	1
489	1
490	3
491	3
492	4
493	2
494	3
495	2
496	2
497	1
498	3
499	1
500	3
501	0
502	1
503	2
504	2
505	2
506	1
507	1
508	1
509	2
510	1
511	3
512	1
513	2
514	1
515	3
516	3
517	2
518	1
519	1
520	1
521	2
522	1
523	3
524	0
525	1
526	4
527	2
528	0
529	2
530	3
531	0
532	1
533	3
534	2
535	2
536	0
537	1
538	2
539	1
540	5
541	1
542	2
543	2
544	1
545	2
546	5
547	2
548	4
549	0
550	1
551	5
552	1
553	3
554	1
555	1
556	2
557	2
558	0
559	2
560	2
561	1
562	3
563	2
564	0
565	0
566	0
567	2
568	3
569	3
570	1
571	3
572	1
573	2
574	1
575	2
576	0
577	3
578	1
579	1
580	2
581	3
582	0
583	3
584	3
585	2
586	1
587	2
588	2
589	2
590	2
591	2
592	2
593	1
594	1
595	0
596	1
597	0
598	1
599	2
600	1
601	0
602	3
603	5
604	1
605	2
606	3
607	4
608	0
609	1
610	3
611	2
612	5
613	2
614	1
615	2
616	3
617	1
618	1
619	1
620	3
621	1
622	2
623	1
624	1
625	0
626	3
627	1
628	1
629	2
630	1
631	1
632	3
633	4
634	1
635	3
636	2
637	2
638	2
639	1
640	3
641	1
642	1
643	1
644	3
645	1
646	0
647	2
648	1
649	1
650	1
651	4
652	1
653	1
654	3
655	2
656	6
657	2
658	1
659	1
660	1
661	2
662	3
663	2
664	2
665	2
666	3
667	0
668	1
669	3
670	1
671	5
672	1
673	0
674	3
675	1
676	2
677	3
678	2
679	4
680	1
681	4
682	1
683	2
684	0
685	3
686	4
687	3
688	2
689	0
690	2
691	1
692	1
693	0
694	2
695	2
696	2
697	1
698	4
699	1
700	3
701	1
702	2
703	1
704	0
705	1
706	1
707	3
708	0
709	2
710	5
711	4
712	2
713	4
714	0
715	1
716	2
717	0
718	2
719	1
720	2
721	1
722	2
723	1
724	1
725	1
726	3
727	0
728	4
729	1
730	1
731	2
732	2
733	1
734	1
735	2
736	0
737	3
738	2
739	3
740	5
741	5
742	6
743	1
744	2
745	0
746	4
747	2
748	3
749	4
750	3
751	3
752	5
753	3
754	3
755	3
756	2
757	3
758	4
759	1
760	3
761	5
762	2
763	5
764	1
765	3
766	2
767	5
768	0
769	5
770	2
771	5
772	0
773	1
774	3
775	4
776	4
777	3
778	3
779	5
780	3
781	2
782	1
783	4
784	2
785	3
786	3
787	4
788	4
789	0
790	4
791	2
792	1
793	3
794	8
795	4
796	4
797	3
798	8
799	7
800	5
801	2
802	2
803	1
804	4
805	2
806	4
807	7
808	4
809	8
810	4
811	3
812	3
813	2
814	7
815	4
816	4
817	4
818	3
819	6
820	4
821	5
822	6
823	4
824	2
825	8
826	1
827	3
828	3
829	2
830	6
831	6
832	0
833	6
834	5
835	7
836	5
837	5
838	5
839	5
840	4
841	3
842	6
843	3
844	6
845	7
846	3
847	6
848	7
849	6
850	4
851	3
852	1
853	3
854	2
855	1
856	5
857	2
858	2
859	3
860	2
861	4
862	3
863	2
864	3
865	2
866	8
867	3
868	4
869	1
870	4
871	6
872	5
873	1
874	1
875	3
876	4
877	2
878	3
879	5
880	3
881	6
882	2
883	3
884	4
885	1
886	2
887	4
888	1
889	2
890	1
891	4
892	3
893	4
894	6
895	4
896	1
897	3
898	5
899	2
900	2
901	7
902	2
903	1
904	1
905	1
906	2
907	2
908	7
909	5
910	3
911	0
912	0
913	2
914	4
915	3
916	5
917	0
918	9
919	0
920	4
921	7
922	3
923	5
924	3
925	3
926	6
927	4
928	3
929	4
930	4
931	5
932	4
933	3
934	5
935	3
936	3
937	2
938	3
939	3
940	4
941	4
942	3
943	4
944	1
945	4
946	4
947	4
948	8
949	2
950	7
951	1
952	2
953	6
954	3
955	5
956	5
957	4
958	2
959	6
960	3
961	3
962	8
963	3
964	1
965	2
966	3
967	4
968	7
969	3
970	1
971	5
972	10
973	0
974	4
975	0
976	2
977	3
978	3
979	4
980	5
981	2
982	4
983	7
984	3
985	3
986	7
987	6
988	5
989	1
990	4
991	4
992	4
993	4
994	6
995	1
996	5
997	3
998	6
999	3
1000	3
1001	9
1002	6
1003	2
1004	8
1005	5
1006	3
1007	1
1008	4
1009	3
1010	0
1011	3
1012	2
1013	3
1014	6
1015	3
1016	2
1017	5
1018	4
1019	2
1020	4
1021	3
1022	4
1023	7
1024	0
1025	6
1026	3
1027	6
1028	3
1029	2
1030	7
1031	7
1032	3
1033	12
1034	6
1035	2
1036	9
1037	1
1038	6
1039	4
1040	3
1041	3
1042	4
1043	4
1044	3
1045	5
1046	7
1047	2
1048	4
1049	4
1050	5
1051	2
1052	3
1053	7
1054	5
1055	11
1056	1
1057	5
1058	3
1059	5
1060	8
1061	2
1062	3
1063	7
1064	1
1065	5
1066	5
1067	4
1068	5
1069	2
1070	5
1071	3
1072	5
1073	2
1074	6
1075	3
1076	7
1077	2
1078	4
1079	6
1080	4
1081	4
1082	6
1083	4
1084	1
1085	2
1086	4
1087	2
1088	2
1089	4
1090	4
1091	3
1092	4
1093	6
1094	2
1095	5
1096	4
1097	6
1098	4
1099	0
1100	8
1101	6
1102	8
1103	5
1104	5
1105	4
1106	2
1107	3
1108	4
1109	4
1110	2
1111	2
1112	6
1113	8
1114	7
1115	3
1116	1
1117	4
1118	4
1119	3
1120	4
1121	4
1122	7
1123	5
1124	4
1125	3
1126	6
1127	5
1128	4
1129	7
1130	6
1131	3
1132	3
1133	4
1134	6
1135	4
1136	6
1137	5
1138	5
1139	4
1140	8
1141	3
1142	4
1143	1
1144	7
1145	3
1146	6
1147	5
1148	3
1149	6
1150	4
1151	8
1152	1
1153	4
1154	6
1155	5
1156	7
1157	2
1158	2
1159	2
1160	5
1161	4
1162	5
1163	2
1164	7
1165	4
1166	6
1167	2
1168	5
1169	4
1170	2
1171	5
1172	9
1173	2
1174	7
1175	3
1176	4
1177	1
1178	4
1179	6
1180	4
1181	4
1182	1
1183	4
1184	2
1185	6
1186	5
1187	1
1188	7
1189	4
1190	5
1191	6
1192	2
1193	3
1194	8
1195	3
1196	4
1197	6
1198	5
1199	6
1200	4
1201	2
1202	3
1203	8
1204	7
1205	3
1206	9
1207	2
1208	2
1209	8
1210	2
1211	7
1212	11
1213	5
1214	5
1215	10
1216	5
1217	8
1218	6
1219	5
1220	7
1221	4
1222	9
1223	4
1224	4
1225	6
1226	5
1227	1
1228	12
1229	9
1230	11
1231	2
1232	1
1233	1
1234	4
1235	8
1236	5
1237	12
1238	5
1239	7
1240	3
1241	7
1242	8
1243	9
1244	8
1245	1
1246	3
1247	7
1248	6
1249	7
1250	5
1251	3
1252	14
1253	4
1254	9
1255	4
1256	6
1257	3
1258	5
1259	2
1260	6
1261	11
1262	4
1263	7
1264	6
1265	4
1266	11
1267	3
1268	5
1269	4
1270	8
1271	2
1272	4
1273	9
1274	6
1275	5
1276	5
1277	7
1278	1
1279	11
1280	4
1281	2
1282	6
1283	6
1284	5
1285	7
1286	8
1287	11
1288	6
1289	4
1290	3
1291	8
1292	5
1293	9
1294	5
1295	6
1296	10
1297	8
1298	12
1299	12
1300	10
1301	4
1302	7
1303	6
1304	7
1305	6
1306	7
1307	6
1308	3
1309	4
1310	8
1311	6
1312	4
1313	7
1314	10
1315	3
1316	8
1317	4
1318	6
1319	7
1320	5
1321	10
1322	11
1323	7
1324	7
1325	8
1326	3
1327	4
1328	8
1329	2
1330	9
1331	8
1332	2
1333	7
1334	12
1335	9
1336	7
1337	12
1338	5
1339	6
1340	6
1341	10
1342	5
1343	7
1344	4
1345	2
1346	11
1347	9
1348	8
1349	2
1350	6
1351	9
1352	5
1353	7
1354	5
1355	12
1356	4
1357	6
1358	11
1359	11
1360	5
1361	8
1362	5
1363	8
1364	3
1365	7
1366	3
1367	10
1368	9
1369	4
1370	11
1371	8
1372	5
1373	6
1374	7
1375	7
1376	5
1377	12
1378	7
1379	6
1380	8
1381	4
1382	9
1383	9
1384	7
1385	12
1386	12
1387	9
1388	4
1389	2
1390	6
1391	8
1392	5
1393	8
1394	3
1395	11
1396	8
1397	3
1398	11
1399	5
1400	4
1401	7
1402	11
1403	2
1404	4
1405	10
1406	11
1407	11
1408	6
1409	7
1410	9
1411	5
1412	12
1413	11
1414	11
1415	12
1416	5
1417	11
1418	7
1419	11
1420	10
1421	11
1422	12
1423	5
1424	6
1425	4
1426	8
1427	10
1428	13
1429	9
1430	9
1431	7
1432	4
1433	9
1434	7
1435	9
1436	7
1437	7
1438	12
1439	5
1440	7
1441	6
1442	10
1443	9
1444	7
1445	6
1446	9
1447	8
1448	7
1449	8
1450	12
1451	8
1452	8
1453	7
1454	5
1455	5
1456	6
1457	9
1458	5
1459	9
1460	8
1461	6
1462	9
1463	4
1464	8
1465	11
1466	8
1467	12
1468	7
1469	4
1470	8
1471	13
1472	5
1473	5
1474	9
1475	5
1476	6
1477	7
1478	8
1479	7
1480	9
1481	9
1482	9
1483	13
1484	7
1485	7
1486	8
1487	7
1488	7
1489	11
1490	10
1491	12
1492	4
1493	6
1494	8
1495	5
1496	10
1497	11
1498	11
1499	4
1500	9
1501	5
1502	9
1503	7
1504	5
1505	7
1506	8
1507	6
1508	17
1509	3
1510	12
1511	2
1512	5
1513	6
1514	9
1515	3
1516	11
1517	5
1518	11
1519	7
1520	6
1521	9
1522	8
1523	9
1524	13
1525	7
1526	14
1527	11
1528	4
1529	18
1530	11
1531	11
1532	10
1533	6
1534	8
1535	12
1536	5
1537	10
1538	17
1539	15
1540	11
1541	6
1542	8
1543	8
1544	13
1545	12
1546	7
1547	12
1548	12
1549	8
1550	10
1551	11
1552	10
1553	2
1554	10
1555	10
1556	9
1557	9
1558	13
1559	9
1560	10
1561	20
1562	5
1563	22
1564	6
1565	13
1566	3
1567	9
1568	7
1569	8
1570	9
1571	7
1572	10
1573	12
1574	8
1575	4
1576	7
1577	10
1578	6
1579	7
1580	12
1581	11
1582	10
1583	6
1584	7
1585	7
1586	7
1587	13
1588	15
1589	11
1590	13
1591	11
1592	9
1593	8
1594	12
1595	8
1596	12
1597	12
1598	12
1599	16
1600	5
1601	10
1602	5
1603	17
1604	12
1605	10
1606	14
1607	5
1608	8
1609	14
1610	6
1611	14
1612	11
1613	9
1614	7
1615	8
1616	11
1617	17
1618	9
1619	16
1620	6
1621	11
1622	10
1623	10
1624	9
1625	14
1626	10
1627	11
1628	10
1629	9
1630	13
1631	12
1632	14
1633	7
1634	7
1635	12
1636	13
1637	5
1638	12
1639	12
1640	8
1641	13
1642	9
1643	12
1644	8
1645	6
1646	8
1647	6
1648	8
1649	10
1650	9
1651	10
1652	10
1653	7
1654	7
1655	6
1656	7
1657	11
1658	7
1659	14
1660	12
1661	7
1662	13
1663	12
1664	5
1665	12
1666	9
1667	8
1668	14
1669	10
1670	11
1671	10
1672	11
1673	12
1674	9
1675	9
1676	11
1677	11
1678	9
1679	8
1680	13
1681	10
1682	12
1683	10
1684	14
1685	7
1686	6
1687	4
1688	13
1689	6
1690	6
1691	7
1692	13
1693	9
1694	7
1695	11
1696	12
1697	14
1698	13
1699	10
1700	16
1701	13
1702	19
1703	8
1704	8
1705	12
1706	10
1707	10
1708	10
1709	13
1710	15
1711	7
1712	11
1713	4
1714	12
1715	17
1716	15
1717	9
1718	11
1719	12
1720	9
1721	15
1722	6
1723	10
1724	9
1725	10
1726	14
1727	15
1728	7
1729	15
1730	11
1731	8
1732	15
1733	10
1734	17
1735	7
1736	11
1737	19
1738	10
1739	9
1740	9
1741	13
1742	13
1743	6
1744	14
1745	8
1746	11
1747	16
1748	13
1749	12
1750	8
1751	12
1752	12
1753	17
1754	13
1755	13
1756	10
1757	14
1758	13
1759	9
1760	8
1761	18
1762	19
1763	12
1764	10
1765	13
1766	15
1767	12
1768	8
1769	17
1770	14
1771	7
1772	22
1773	19
1774	13
1775	13
1776	3
1777	15
1778	23
1779	11
1780	13
1781	12
1782	14
1783	12
1784	15
1785	18
1786	15
1787	16
1788	12
1789	9
1790	14
1791	17
1792	10
1793	12
1794	11
1795	18
1796	18
1797	8
1798	12
1799	9
1800	14
1801	13
1802	12
1803	19
1804	19
1805	11
1806	11
1807	10
1808	12
1809	10
1810	17
1811	16
1812	16
1813	13
1814	17
1815	12
1816	15
1817	13
1818	16
1819	17
1820	7
1821	15
1822	8
1823	13
1824	18
1825	10
1826	18
1827	14
1828	26
1829	10
1830	19
1831	10
1832	7
1833	25
1834	11
1835	11
1836	11
1837	11
1838	15
1839	14
1840	9
1841	14
1842	15
1843	21
1844	14
1845	5
1846	6
1847	11
1848	15
1849	20
1850	14
1851	14
1852	12
1853	8
1854	18
1855	15
1856	12
1857	16
1858	19
1859	10
1860	18
1861	13
1862	15
1863	8
1864	11
1865	11
1866	14
1867	13
1868	12
1869	24
1870	12
1871	14
1872	16
1873	15
1874	22
1875	25
1876	15
1877	14
1878	27
1879	10
1880	13
1881	26
1882	13
1883	12
1884	17
1885	12
1886	16
1887	12
1888	22
1889	15
1890	23
1891	15
1892	30
1893	19
1894	17
1895	20
1896	20
1897	22
1898	21
1899	16
1900	28
1901	23
1902	22
1903	19
1904	23
1905	19
1906	24
1907	27
1908	32
1909	29
1910	39
1911	17
1912	25
1913	30
1914	34
1915	42
1916	31
1917	32
1918	29
1919	41
1920	35
1921	32
1922	36
1923	47
1924	57
1925	35
1926	50
1927	25
1928	51
1929	47
1930	45
1931	46
1932	61
1933	53
1934	49
1935	29
1936	67
1937	61
1938	54
1939	73
1940	71
1941	42
1942	70
1943	39
1944	52
1945	81
1946	80
1947	83
1948	64
1949	76
1950	82
1951	85
1952	72
1953	75
1954	82
1955	78
1956	106
1957	67
1958	103
1959	62
1960	79
1961	86
1962	81
1963	86
1964	107
1965	82
1966	91
1967	54
1968	72
1969	100
1970	96
1971	110
1972	99
1973	75
1974	117
1975	61
1976	69
1977	90
1978	78
1979	95
1980	90
1981	58
1982	98
1983	78
1984	85
1985	55
1986	75
1987	60
1988	96
1989	55
1990	84
1991	36
1992	72
1993	56
1994	41
1995	53
1996	71
1997	68
1998	51
1999	32
2000	43
2001	47
2002	55
2003	50
2004	43
2005	24
2006	59
2007	24
2008	42
2009	51
2010	27
2011	38
2012	40
2013	44
2014	24
2015	20
2016	23
2017	27
2018	26
2019	22
2020	15
2021	19
2022	35
2023	21
2024	16
2025	25
2026	15
2027	15
2028	20
2029	18
2030	18
2031	15
2032	16
2033	13
2034	16
2035	17
2036	15
2037	17
2038	17
2039	5
2040	12
2041	17
2042	9
2043	14
2044	11
2045	9
2046	15
2047	12
2048	11
2049	10
2050	8
2051	15
2052	9
2053	16
2054	14
2055	6
2056	9
2057	10
2058	5
2059	17
2060	11
2061	11
2062	16
2063	9
2064	14
2065	17
2066	7
2067	5
2068	8
2069	11
2070	10
2071	5
2072	5
2073	11
2074	8
2075	16
2076	10
2077	8
2078	9
2079	15
2080	3
2081	10
2082	4
2083	8
2084	9
2085	11
2086	17
2087	7
2088	9
2089	13
2090	3
2091	11
2092	15
2093	10
2094	8
2095	14
2096	3
2097	11
2098	13
2099	14
2100	6
2101	11
2102	5
2103	10
2104	5
2105	11
2106	7
2107	10
2108	7
2109	9
2110	11
2111	6
2112	7
2113	5
2114	11
2115	9
2116	9
2117	14
2118	12
2119	11
2120	8
2121	9
2122	7
2123	9
2124	17
2125	13
2126	10
2127	9
2128	4
2129	12
2130	8
2131	14
2132	8
2133	9
2134	14
2135	6
2136	11
2137	12
2138	8
2139	17
2140	7
2141	14
2142	9
2143	15
2144	8
2145	10
2146	13
2147	10
2148	16
2149	8
2150	10
2151	14
2152	12
2153	14
2154	11
2155	13
2156	16
2157	11
2158	9
2159	6
2160	9
2161	8
2162	8
2163	10
2164	15
2165	7
2166	15
2167	7
2168	11
2169	16
2170	14
2171	9
2172	13
2173	17
2174	13
2175	13
2176	13
2177	11
2178	13
2179	14
2180	14
2181	8
2182	17
2183	15
2184	11
2185	17
2186	11
2187	20
2188	19
2189	17
2190	8
2191	20
2192	10
2193	20
2194	16
2195	21
2196	16
2197	12
2198	22
2199	14
2200	7
2201	20
2202	12
2203	19
2204	13
2205	21
2206	25
2207	23
2208	18
2209	25
2210	19
2211	18
2212	16
2213	9
2214	19
2215	25
2216	17
2217	32
2218	23
2219	32
2220	31
2221	25
2222	23
2223	10
2224	19
2225	17
2226	27
2227	18
2228	19
2229	22
2230	26
2231	21
2232	19
2233	18
2234	16
2235	22
2236	19
2237	23
2238	21
2239	14
2240	24
2241	18
2242	20
2243	22
2244	30
2245	17
2246	27
2247	20
2248	17
2249	23
2250	8
2251	20
2252	27
2253	16
2254	26
2255	15
2256	22
2257	12
2258	15
2259	16
2260	15
2261	14
2262	26
2263	10
2264	9
2265	21
2266	7
2267	19
2268	16
2269	11
2270	14
2271	19
2272	10
2273	9
2274	15
2275	12
2276	21
2277	10
2278	12
2279	9
2280	9
2281	9
2282	8
2283	7
2284	26
2285	8
2286	15
2287	11
2288	11
2289	12
2290	8
2291	11
2292	8
2293	9
2294	19
2295	6
2296	5
2297	13
2298	7
2299	8
2300	12
2301	11
2302	10
2303	9
2304	13
2305	6
2306	10
2307	8
2308	5
2309	8
2310	10
2311	8
2312	9
2313	18
2314	9
2315	7
2316	6
2317	11
2318	7
2319	5
2320	6
2321	8
2322	8
2323	11
2324	4
2325	9
2326	13
2327	7
2328	6
2329	13
2330	5
2331	6
2332	8
2333	5
2334	10
2335	8
2336	5
2337	13
2338	12
2339	11
2340	5
2341	7
2342	5
2343	5
2344	3
2345	5
2346	2
2347	5
2348	11
2349	8
2350	5
2351	4
2352	6
2353	10
2354	5
2355	11
2356	10
2357	4
2358	10
2359	5
2360	3
2361	10
2362	4
2363	8
2364	10
2365	6
2366	9
2367	6
2368	7
2369	4
2370	8
2371	10
2372	8
2373	5
2374	6
2375	11
2376	7
2377	9
2378	8
2379	12
2380	6
2381	7
2382	5
2383	7
2384	5
2385	6
2386	8
2387	9
2388	9
2389	4
2390	12
2391	1
2392	3
2393	7
2394	10
2395	12
2396	3
2397	9
2398	8
2399	4
2400	7
2401	9
2402	4
2403	11
2404	7
2405	2
2406	9
2407	4
2408	4
2409	8
2410	5
2411	3
2412	10
2413	11
2414	4
2415	7
2416	2
2417	16
2418	9
2419	8
2420	4
2421	2
2422	5
2423	4
2424	6
2425	6
2426	5
2427	2
2428	9
2429	9
2430	9
2431	6
2432	6
2433	7
2434	5
2435	10
2436	11
2437	4
2438	7
2439	2
2440	11
2441	11
2442	2
2443	8
2444	12
2445	5
2446	10
2447	6
2448	11
2449	9
2450	4
2451	7
2452	9
2453	5
2454	6
2455	5
2456	12
2457	5
2458	5
2459	9
2460	7
2461	8
2462	6
2463	1
2464	3
2465	7
2466	7
2467	7
2468	7
2469	6
2470	8
2471	5
2472	5
2473	6
2474	4
2475	7
2476	12
2477	7
2478	4
2479	2
2480	6
2481	7
2482	8
2483	6
2484	11
2485	3
2486	6
2487	8
2488	3
2489	13
2490	7
2491	11
2492	5
2493	8
2494	8
2495	12
2496	5
2497	10
2498	7
2499	5
2500	13
2501	4
2502	8
2503	5
2504	9
2505	9
2506	6
2507	8
2508	14
2509	5
2510	5
2511	9
2512	6
2513	8
2514	10
2515	8
2516	7
2517	7
2518	16
2519	9
2520	11
2521	7
2522	8
2523	15
2524	8
2525	14
2526	7
2527	9
2528	8
2529	11
2530	6
2531	13
2532	15
2533	11
2534	14
2535	8
2536	11
2537	13
2538	4
2539	9
2540	14
2541	9
2542	8
2543	12
2544	7
2545	9
2546	14
2547	16
2548	15
2549	11
2550	14
2551	13
2552	9
2553	13
2554	10
2555	14
2556	9
2557	5
2558	17
2559	11
2560	12
2561	10
2562	9
2563	12
2564	6
2565	18
2566	11
2567	9
2568	13
2569	8
2570	10
2571	11
2572	19
2573	17
2574	5
2575	9
2576	11
2577	10
2578	11
2579	14
2580	11
2581	5
2582	4
2583	6
2584	10
2585	10
2586	5
2587	9
2588	9
2589	9
2590	7
2591	6
2592	9
2593	7
2594	5
2595	7
2596	11
2597	7
2598	12
2599	7
2600	6
2601	18
2602	3
2603	12
2604	5
2605	10
2606	11
2607	5
2608	7
2609	7
2610	4
2611	15
2612	10
2613	8
2614	6
2615	7
2616	5
2617	8
2618	4
2619	4
2620	4
2621	10
2622	2
2623	8
2624	9
2625	8
2626	4
2627	5
2628	8
2629	6
2630	6
2631	8
2632	1
2633	8
2634	8
2635	7
2636	8
2637	10
2638	6
2639	6
2640	6
2641	7
2642	6
2643	4
2644	4
2645	3
2646	10
2647	3
2648	5
2649	6
2650	6
2651	14
2652	8
2653	6
2654	8
2655	7
2656	5
2657	4
2658	6
2659	5
2660	7
2661	0
2662	7
2663	11
2664	8
2665	10
2666	2
2667	6
2668	6
2669	9
2670	9
2671	6
2672	6
2673	5
2674	10
2675	8
2676	6
2677	5
2678	10
2679	3
2680	5
2681	4
2682	6
2683	9
2684	4
2685	6
2686	8
2687	6
2688	6
2689	11
2690	6
2691	9
2692	5
2693	4
2694	10
2695	5
2696	9
2697	11
2698	3
2699	12
2700	5
2701	6
2702	7
2703	4
2704	6
2705	3
2706	5
2707	5
2708	8
2709	3
2710	13
2711	4
2712	6
2713	6
2714	11
2715	8
2716	6
2717	6
2718	5
2719	7
2720	6
2721	7
2722	7
2723	6
2724	5
2725	1
2726	5
2727	4
2728	5
2729	4
2730	2
2731	3
2732	7
2733	6
2734	5
2735	3
2736	9
2737	6
2738	5
2739	6
2740	6
2741	4
2742	10
2743	6
2744	4
2745	4
2746	6
2747	8
2748	2
2749	4
2750	11
2751	4
2752	3
2753	6
2754	3
2755	5
2756	5
2757	2
2758	9
2759	2
2760	7
2761	6
2762	5
2763	9
2764	6
2765	6
2766	8
2767	7
2768	11
2769	4
2770	6
2771	7
2772	5
2773	9
2774	3
2775	4
2776	6
2777	11
2778	4
2779	7
2780	2
2781	7
2782	8
2783	3
2784	9
2785	5
2786	10
2787	9
2788	4
2789	5
2790	7
2791	5
2792	6
2793	6
2794	7
2795	12
2796	7
2797	5
2798	8
2799	4
2800	2
2801	5
2802	7
2803	7
2804	8
2805	3
2806	7
2807	3
2808	7
2809	4
2810	5
2811	3
2812	3
2813	13
2814	3
2815	4
2816	8
2817	4
2818	2
2819	4
2820	5
2821	4
2822	10
2823	2
2824	6
2825	4
2826	6
2827	7
2828	5
2829	7
2830	6
2831	4
2832	5
2833	7
2834	6
2835	2
2836	6
2837	3
2838	3
2839	6
2840	4
2841	7
2842	6
2843	8
2844	9
2845	3
2846	6
2847	3
2848	3
2849	7
2850	5
2851	9
2852	4
2853	6
2854	8
2855	6
2856	8
2857	4
2858	3
2859	4
2860	10
2861	4
2862	6
2863	6
2864	5
2865	11
2866	7
2867	5
2868	5
2869	2
2870	12
2871	5
2872	5
2873	3
2874	8
2875	6
2876	12
2877	8
2878	5
2879	9
2880	2
2881	10
2882	6
2883	9
2884	7
2885	1
2886	6
2887	3
2888	6
2889	6
2890	9
2891	5
2892	1
2893	4
2894	13
2895	9
2896	6
2897	5
2898	10
2899	15
2900	6
2901	3
2902	6
2903	4
2904	9
2905	6
2906	2
2907	6
2908	6
2909	6
2910	3
2911	6
2912	2
2913	10
2914	3
2915	8
2916	5
2917	6
2918	3
2919	7
2920	2
2921	5
2922	5
2923	4
2924	9
2925	4
2926	5
2927	6
2928	4
2929	3
2930	6
2931	3
2932	7
2933	1
2934	8
2935	5
2936	3
2937	7
2938	1
2939	5
2940	5
2941	3
2942	4
2943	3
2944	9
2945	5
2946	5
2947	8
2948	3
2949	1
2950	4
2951	7
2952	10
2953	10
2954	1
2955	7
2956	9
2957	3
2958	4
2959	2
2960	4
2961	2
2962	7
2963	5
2964	7
2965	6
2966	9
2967	5
2968	2
2969	7
2970	3
2971	5
2972	4
2973	3
2974	3
2975	4
2976	5
2977	5
2978	6
2979	6
2980	7
2981	3
2982	6
2983	6
2984	3
2985	8
2986	6
2987	7
2988	13
2989	8
2990	5
2991	4
2992	4
2993	5
2994	5
2995	9
2996	4
2997	5
2998	3
2999	9
3000	5
3001	6
3002	6
3003	6
3004	3
3005	2
3006	4
3007	4
3008	6
3009	1
3010	3
3011	7
3012	9
3013	1
3014	7
3015	1
3016	9
3017	7
3018	1
3019	4
3020	7
3021	3
3022	8
3023	4
3024	7
3025	7
3026	4
3027	6
3028	9
3029	6
3030	8
3031	2
3032	6
3033	4
3034	6
3035	4
3036	3
3037	7
3038	6
3039	7
3040	7
3041	3
3042	7
3043	4
3044	7
3045	1
3046	5
3047	2
3048	6
3049	8
3050	5
3051	3
3052	5
3053	6
3054	3
3055	5
3056	5
3057	3
3058	5
3059	7
3060	5
3061	7
3062	2
3063	3
3064	4
3065	8
3066	5
3067	4
3068	6
3069	4
3070	5
3071	1
3072	5
3073	2
3074	3
3075	6
3076	9
3077	3
3078	4
3079	4
3080	3
3081	8
3082	3
3083	5
3084	9
3085	3
3086	4
3087	3
3088	4
3089	3
3090	6
3091	4
3092	2
3093	1
3094	6
3095	3
3096	9
3097	7
3098	2
3099	6
3100	4
3101	5
3102	5
3103	3
3104	5
3105	5
3106	4
3107	1
3108	9
3109	1
3110	7
3111	3
3112	5
3113	7
3114	4
3115	7
3116	4
3117	5
3118	4
3119	6
3120	10
3121	12
3122	5
3123	1
3124	3
3125	2
3126	5
3127	3
3128	3
3129	7
3130	4
3131	7
3132	4
3133	6
3134	2
3135	2
3136	2
3137	5
3138	2
3139	6
3140	4
3141	2
3142	6
3143	3
3144	4
3145	5
3146	4
3147	2
3148	4
3149	1
3150	4
3151	6
3152	3
3153	7
3154	7
3155	9
3156	1
3157	2
3158	5
3159	6
3160	5
3161	7
3162	1
3163	3
3164	2
3165	1
3166	7
3167	2
3168	4
3169	2
3170	1
3171	2
3172	13
3173	2
3174	3
3175	3
3176	5
3177	9
3178	4
3179	2
3180	5
3181	6
3182	1
3183	4
3184	2
3185	1
3186	6
3187	6
3188	3
3189	3
3190	7
3191	3
3192	4
3193	1
3194	2
3195	8
3196	6
3197	4
3198	4
3199	4
3200	2
3201	2
3202	2
3203	3
3204	3
3205	4
3206	4
3207	0
3208	6
3209	8
3210	5
3211	5
3212	9
3213	6
3214	0
3215	9
3216	1
3217	5
3218	3
3219	7
3220	4
3221	2
3222	3
3223	0
3224	4
3225	5
3226	2
3227	2
3228	6
3229	6
3230	7
3231	6
3232	3
3233	5
3234	5
3235	2
3236	4
3237	4
3238	2
3239	4
3240	4
3241	7
3242	2
3243	2
3244	4
3245	1
3246	3
3247	1
3248	6
3249	2
3250	2
3251	6
3252	4
3253	1
3254	4
3255	4
3256	3
3257	4
3258	0
3259	5
3260	10
3261	4
3262	0
3263	3
3264	1
3265	3
3266	2
3267	7
3268	6
3269	4
3270	6
3271	1
3272	4
3273	4
3274	4
3275	2
3276	3
3277	1
3278	5
3279	1
3280	2
3281	4
3282	5
3283	6
3284	4
3285	1
3286	3
3287	3
3288	4
3289	1
3290	4
3291	4
3292	5
3293	2
3294	1
3295	9
3296	0
3297	5
3298	1
3299	6
3300	2
3301	6
3302	3
3303	2
3304	1
3305	0
3306	3
3307	1
3308	4
3309	6
3310	2
3311	0
3312	4
3313	2
3314	1
3315	3
3316	4
3317	2
3318	2
3319	4
3320	4
3321	5
3322	1
3323	4
3324	3
3325	3
3326	1
3327	7
3328	5
3329	4
3330	4
3331	1
3332	6
3333	3
3334	6
3335	4
3336	2
3337	6
3338	1
3339	2
3340	3
3341	5
3342	9
3343	4
3344	2
3345	5
3346	4
3347	1
3348	4
3349	0
3350	2
3351	3
3352	6
3353	5
3354	0
3355	6
3356	3
3357	4
3358	3
3359	3
3360	4
3361	1
3362	4
3363	1
3364	2
3365	2
3366	6
3367	4
3368	4
3369	5
3370	5
3371	4
3372	1
3373	2
3374	3
3375	1
3376	2
3377	2
3378	1
3379	3
3380	2
3381	1
3382	3
3383	2
3384	5
3385	8
3386	5
3387	9
3388	2
3389	5
3390	0
3391	4
3392	2
3393	3
3394	6
3395	1
3396	3
3397	2
3398	7
3399	1
3400	2
3401	4
3402	2
3403	6
3404	0
3405	3
3406	4
3407	5
3408	1
3409	6
3410	4
3411	3
3412	2
3413	4
3414	4
3415	1
3416	3
3417	2
3418	1
3419	2
3420	4
3421	2
3422	3
3423	4
3424	3
3425	2
3426	4
3427	2
3428	2
3429	1
3430	3
3431	3
3432	1
3433	2
3434	3
3435	3
3436	5
3437	1
3438	6
3439	2
3440	2
3441	1
3442	1
3443	4
3444	2
3445	2
3446	4
3447	4
3448	0
3449	2
3450	6
3451	2
3452	4
3453	2
3454	4
3455	3
3456	5
3457	5
3458	2
3459	3
3460	3
3461	2
3462	0
3463	2
3464	3
3465	1
3466	0
3467	1
3468	6
3469	0
3470	4
3471	4
3472	3
3473	3
3474	7
3475	3
3476	1
3477	2
3478	3
3479	2
3480	2
3481	4
3482	2
3483	6
3484	5
3485	1
3486	0
3487	0
3488	0
3489	3
3490	3
3491	3
3492	2
3493	1
3494	2
3495	1
3496	3
3497	4
3498	1
3499	3
3500	4
3501	1
3502	2
3503	2
3504	7
3505	3
3506	3
3507	2
3508	3
3509	1
3510	3
3511	2
3512	2
3513	3
3514	2
3515	2
3516	3
3517	3
3518	3
3519	2
3520	1
3521	2
3522	1
3523	0
3524	5
3525	0
3526	3
3527	0
3528	1
3529	0
3530	2
3531	4
3532	2
3533	5
3534	2
3535	1
3536	1
3537	4
3538	6
3539	1
3540	1
3541	2
3542	5
3543	4
3544	2
3545	1
3546	0
3547	3
3548	1
3549	1
3550	0
3551	3
3552	2
3553	2
3554	1
3555	2
3556	2
3557	4
3558	8
3559	2
3560	3
3561	0
3562	2
3563	3
3564	4
3565	2
3566	4
3567	4
3568	3
3569	1
3570	2
3571	3
3572	3
3573	3
3574	4
3575	0
3576	1
3577	4
3578	1
3579	6
3580	3
3581	1
3582	1
3583	2
3584	1
3585	5
3586	4
3587	2
3588	2
3589	1
3590	1
3591	2
3592	4
3593	1
3594	1
3595	4
3596	3
3597	3
3598	2
3599	1
3600	2
3601	2
3602	4
3603	2
3604	4
3605	0
3606	3
3607	1
3608	1
3609	2
3610	2
3611	2
3612	8
3613	0
3614	3
3615	1
3616	4
3617	2
3618	0
3619	2
3620	2
3621	2
3622	2
3623	0
3624	1
3625	3
3626	2
3627	2
3628	1
3629	1
3630	3
3631	1
3632	2
3633	3
3634	2
3635	1
3636	0
3637	3
3638	1
3639	0
3640	2
3641	7
3642	1
3643	1
3644	1
3645	6
3646	1
3647	1
3648	0
3649	3
3650	0
3651	3
3652	4
3653	1
3654	5
3655	1
3656	1
3657	4
3658	0
3659	0
3660	3
3661	1
3662	3
3663	3
3664	3
3665	2
3666	1
3667	2
3668	1
3669	1
3670	0
3671	0
3672	0
3673	0
3674	2
3675	1
3676	1
3677	2
3678	1
3679	5
3680	1
3681	2
3682	3
3683	5
3684	3
3685	3
3686	1
3687	1
3688	0
3689	2
3690	2
3691	2
3692	1
3693	3
3694	3
3695	2
3696	1
3697	0
3698	3
3699	5
3700	1
3701	1
3702	1
3703	2
3704	2
3705	1
3706	0
3707	1
3708	0
3709	0
3710	2
3711	2
3712	2
3713	0
3714	0
3715	2
3716	6
3717	1
3718	2
3719	2
3720	2
3721	4
3722	0
3723	1
3724	1
3725	0
3726	2
3727	0
3728	0
3729	5
3730	2
3731	0
3732	1
3733	1
3734	0
3735	1
3736	1
3737	4
3738	1
3739	1
3740	0
3741	1
3742	0
3743	0
3744	0
3745	0
3746	5
3747	2
3748	1
3749	0
3750	0
3751	0
3752	0
3753	2
3754	0
3755	3
3756	2
3757	2
3758	0
3759	1
3760	2
3761	0
3762	0
3763	2
3764	3
3765	0
3766	2
3767	1
3768	0
3769	0
3770	1
3771	2
3772	3
3773	0
3774	0
3775	3
3776	2
3777	2
3778	1
3779	2
3780	2
3781	3
3782	3
3783	0
3784	2
3785	2
3786	0
3787	1
3788	4
3789	4
3790	0
3791	0
3792	0
3793	2
3794	0
3795	2
3796	1
3797	0
3798	0
3799	0
3800	3
3801	0
3802	1
3803	2
3804	2
3805	0
3806	4
3807	1
3808	1
3809	1
3810	2
3811	2
3812	2
3813	1
3814	2
3815	0
3816	0
3817	1
3818	2
3819	1
3820	0
3821	0
3822	1
3823	1
3824	1
3825	0
3826	0
3827	3
3828	2
3829	1
3830	3
3831	1
3832	2
3833	2
3834	1
3835	0
3836	0
3837	1
3838	1
3839	1
3840	0
3841	1
3842	0
3843	1
3844	0
3845	1
3846	0
3847	1
3848	2
3849	0
3850	2
3851	1
3852	0
3853	0
3854	0
3855	0
3856	1
3857	0
3858	2
3859	0
3860	0
3861	0
3862	0
3863	1
3864	2
3865	2
3866	0
3867	4
3868	0
3869	1
3870	0
3871	0
3872	0
3873	1
3874	2
3875	1
3876	0
3877	0
3878	0
3879	0
3880	2
3881	1
3882	0
3883	2
3884	3
3885	0
3886	1
3887	0
3888	1
3889	1
3890	1
3891	1
3892	0
3893	0
3894	2
3895	0
3896	0
3897	0
3898	1
3899	2
3900	0
3901	2
3902	0
3903	0
3904	0
3905	1
3906	1
3907	1
3908	0
3909	0
3910	0
3911	0
3912	0
3913	0
3914	0
3915	2
3916	3
3917	0
3918	1
3919	0
3920	1
3921	1
3922	0
3923	0
3924	1
3925	0
3926	1
3927	0
3928	0
3929	0
3930	0
3931	0
3932	0
3933	0
3934	1
3935	1
3936	0
3937	2
3938	0
3939	1
3940	3
3941	0
3942	0
3943	0
3944	0
3945	0
3946	0
3947	1
3948	2
3949	0
3950	0
3951	0
3952	1
3953	1
3954	0
3955	0
3956	2
3957	0
3958	0
3959	0
3960	0
3961	0
3962	0
3963	0
3964	0
3965	0
3966	0
3967	0
3968	0
3969	1
3970	0
3971	0
3972	0
3973	0
3974	1
3975	0
3976	1
3977	0
3978	0
3979	0
3980	0
3981	0
3982	0
3983	1
3984	1
3985	0
3986	0
3987	0
3988	0
3989	0
3990	0
3991	0
3992	1
3993	0
3994	0
3995	0
3996	0
3997	0
3998	1
3999	0
4000	0
