Channel number	Impulses
Channel/#	Impulses/#

0	0
1	0
2	0
3	0
4	0
5	0
6	0
7	0
8	0
9	0
10	0
11	0
12	0
13	0
14	0
15	0
16	0
17	0
18	0
19	0
20	0
21	0
22	0
23	0
24	0
25	0
26	0
27	0
28	0
29	0
30	0
31	0
32	0
33	0
34	0
35	0
36	0
37	0
38	0
39	0
40	0
41	0
42	0
43	0
44	0
45	0
46	0
47	0
48	0
49	0
50	0
51	0
52	0
53	0
54	0
55	1
56	1
57	1
58	0
59	3
60	1
61	2
62	4
63	1
64	1
65	3
66	1
67	4
68	3
69	0
70	0
71	4
72	1
73	1
74	3
75	5
76	4
77	0
78	0
79	1
80	0
81	1
82	1
83	2
84	3
85	1
86	3
87	0
88	2
89	4
90	1
91	0
92	5
93	3
94	1
95	2
96	0
97	3
98	3
99	1
100	3
101	2
102	2
103	1
104	2
105	1
106	2
107	3
108	1
109	3
110	1
111	1
112	2
113	0
114	1
115	1
116	2
117	0
118	1
119	0
120	3
121	3
122	5
123	5
124	0
125	2
126	0
127	3
128	2
129	1
130	1
131	1
132	0
133	1
134	2
135	0
136	1
137	1
138	3
139	1
140	0
141	0
142	1
143	1
144	1
145	1
146	1
147	2
148	2
149	2
150	1
151	1
152	2
153	4
154	2
155	1
156	2
157	0
158	2
159	2
160	1
161	4
162	2
163	1
164	2
165	1
166	2
167	0
168	2
169	2
170	2
171	1
172	2
173	2
174	1
175	3
176	2
177	3
178	0
179	0
180	1
181	1
182	2
183	0
184	1
185	1
186	0
187	4
188	0
189	2
190	1
191	0
192	0
193	1
194	0
195	2
196	2
197	2
198	1
199	0
200	1
201	3
202	1
203	0
204	1
205	2
206	0
207	3
208	1
209	0
210	1
211	2
212	2
213	4
214	2
215	0
216	2
217	1
218	3
219	3
220	3
221	2
222	1
223	1
224	2
225	3
226	1
227	1
228	1
229	0
230	1
231	2
232	0
233	2
234	0
235	2
236	1
237	1
238	2
239	2
240	2
241	1
242	2
243	4
244	1
245	0
246	2
247	2
248	2
249	1
250	2
251	1
252	1
253	1
254	3
255	3
256	0
257	3
258	1
259	3
260	1
261	2
262	2
263	1
264	0
265	1
266	3
267	0
268	3
269	0
270	1
271	3
272	1
273	1
274	3
275	0
276	4
277	2
278	6
279	3
280	1
281	1
282	2
283	4
284	2
285	2
286	2
287	4
288	3
289	3
290	3
291	1
292	2
293	3
294	7
295	1
296	2
297	1
298	2
299	4
300	2
301	2
302	1
303	1
304	2
305	3
306	3
307	2
308	3
309	4
310	3
311	0
312	4
313	3
314	4
315	1
316	2
317	3
318	2
319	8
320	3
321	3
322	7
323	9
324	3
325	4
326	5
327	2
328	4
329	1
330	1
331	4
332	4
333	6
334	1
335	3
336	2
337	3
338	2
339	3
340	3
341	2
342	3
343	3
344	3
345	4
346	3
347	3
348	0
349	2
350	0
351	4
352	1
353	1
354	2
355	3
356	3
357	0
358	1
359	2
360	3
361	2
362	0
363	1
364	2
365	1
366	1
367	1
368	0
369	2
370	3
371	1
372	2
373	0
374	4
375	1
376	1
377	1
378	1
379	2
380	4
381	2
382	2
383	1
384	2
385	0
386	1
387	1
388	0
389	0
390	4
391	3
392	2
393	0
394	0
395	1
396	0
397	2
398	3
399	1
400	2
401	1
402	1
403	3
404	1
405	0
406	1
407	1
408	1
409	0
410	3
411	0
412	3
413	3
414	2
415	2
416	2
417	1
418	2
419	0
420	2
421	1
422	1
423	1
424	1
425	2
426	1
427	0
428	1
429	0
430	0
431	1
432	0
433	0
434	3
435	2
436	1
437	0
438	2
439	1
440	0
441	1
442	3
443	1
444	1
445	1
446	4
447	5
448	1
449	1
450	2
451	1
452	0
453	1
454	2
455	2
456	7
457	3
458	2
459	2
460	1
461	3
462	6
463	2
464	1
465	0
466	0
467	0
468	3
469	2
470	6
471	2
472	3
473	0
474	2
475	2
476	0
477	0
478	0
479	1
480	1
481	0
482	1
483	3
484	4
485	0
486	3
487	2
488	1
489	3
490	6
491	1
492	4
493	4
494	2
495	3
496	4
497	1
498	1
499	2
500	4
501	2
502	2
503	1
504	4
505	0
506	1
507	3
508	1
509	2
510	0
511	2
512	3
513	2
514	3
515	1
516	2
517	1
518	4
519	2
520	3
521	0
522	0
523	0
524	0
525	1
526	2
527	1
528	3
529	1
530	2
531	1
532	2
533	1
534	2
535	0
536	0
537	1
538	2
539	0
540	1
541	4
542	3
543	1
544	1
545	1
546	5
547	1
548	3
549	2
550	1
551	1
552	1
553	2
554	1
555	0
556	0
557	1
558	0
559	2
560	2
561	3
562	3
563	2
564	0
565	3
566	4
567	0
568	1
569	4
570	3
571	1
572	0
573	3
574	1
575	3
576	0
577	4
578	0
579	1
580	0
581	1
582	1
583	2
584	0
585	3
586	2
587	1
588	0
589	2
590	0
591	0
592	3
593	2
594	0
595	0
596	1
597	2
598	3
599	2
600	0
601	1
602	0
603	2
604	0
605	2
606	3
607	3
608	1
609	2
610	2
611	2
612	2
613	0
614	4
615	0
616	4
617	2
618	3
619	4
620	4
621	0
622	2
623	1
624	2
625	4
626	1
627	2
628	3
629	2
630	4
631	3
632	4
633	2
634	3
635	0
636	5
637	3
638	4
639	3
640	0
641	1
642	1
643	3
644	9
645	0
646	5
647	3
648	1
649	2
650	1
651	2
652	3
653	2
654	5
655	1
656	3
657	2
658	2
659	2
660	3
661	0
662	4
663	0
664	0
665	3
666	1
667	2
668	4
669	0
670	1
671	4
672	0
673	4
674	0
675	0
676	0
677	0
678	3
679	1
680	1
681	0
682	3
683	0
684	2
685	2
686	2
687	1
688	2
689	0
690	2
691	4
692	3
693	0
694	0
695	2
696	0
697	1
698	0
699	1
700	3
701	0
702	1
703	0
704	1
705	5
706	0
707	1
708	2
709	1
710	5
711	1
712	1
713	3
714	1
715	1
716	1
717	3
718	1
719	1
720	3
721	1
722	2
723	1
724	0
725	1
726	0
727	2
728	3
729	4
730	2
731	5
732	1
733	3
734	3
735	1
736	2
737	2
738	2
739	4
740	2
741	2
742	1
743	1
744	1
745	3
746	1
747	1
748	3
749	0
750	2
751	1
752	1
753	2
754	5
755	3
756	2
757	1
758	2
759	0
760	1
761	7
762	1
763	1
764	2
765	4
766	2
767	3
768	0
769	2
770	3
771	1
772	6
773	1
774	2
775	1
776	2
777	2
778	3
779	0
780	3
781	3
782	1
783	0
784	2
785	4
786	6
787	3
788	6
789	3
790	1
791	2
792	4
793	4
794	0
795	4
796	4
797	3
798	3
799	0
800	1
801	0
802	1
803	2
804	3
805	3
806	2
807	5
808	3
809	5
810	7
811	2
812	3
813	3
814	1
815	3
816	6
817	0
818	3
819	6
820	4
821	1
822	7
823	3
824	4
825	5
826	6
827	2
828	5
829	3
830	3
831	5
832	5
833	10
834	6
835	6
836	6
837	5
838	8
839	8
840	8
841	7
842	7
843	2
844	7
845	4
846	7
847	5
848	6
849	7
850	9
851	11
852	9
853	12
854	8
855	13
856	12
857	7
858	8
859	11
860	15
861	14
862	10
863	23
864	16
865	14
866	19
867	14
868	27
869	19
870	21
871	25
872	29
873	30
874	30
875	26
876	33
877	30
878	31
879	25
880	39
881	43
882	42
883	32
884	44
885	31
886	59
887	49
888	37
889	61
890	37
891	67
892	65
893	70
894	60
895	92
896	35
897	55
898	60
899	58
900	73
901	62
902	72
903	44
904	71
905	69
906	66
907	68
908	69
909	50
910	77
911	58
912	80
913	61
914	58
915	61
916	56
917	41
918	76
919	42
920	48
921	44
922	50
923	43
924	38
925	33
926	53
927	42
928	48
929	45
930	30
931	29
932	38
933	20
934	36
935	34
936	27
937	30
938	26
939	19
940	34
941	24
942	28
943	10
944	17
945	28
946	14
947	19
948	13
949	22
950	18
951	14
952	11
953	11
954	5
955	13
956	14
957	12
958	14
959	10
960	3
961	6
962	10
963	8
964	16
965	7
966	8
967	7
968	10
969	10
970	8
971	6
972	6
973	8
974	8
975	12
976	6
977	10
978	8
979	3
980	10
981	8
982	7
983	5
984	8
985	14
986	8
987	11
988	11
989	9
990	10
991	18
992	12
993	11
994	9
995	10
996	14
997	9
998	13
999	8
1000	15
1001	9
1002	13
1003	12
1004	17
1005	16
1006	13
1007	10
1008	14
1009	9
1010	14
1011	16
1012	24
1013	7
1014	16
1015	17
1016	9
1017	12
1018	13
1019	19
1020	10
1021	19
1022	16
1023	22
1024	4
1025	13
1026	15
1027	14
1028	10
1029	12
1030	9
1031	14
1032	9
1033	10
1034	11
1035	17
1036	7
1037	13
1038	12
1039	3
1040	8
1041	8
1042	7
1043	11
1044	10
1045	11
1046	11
1047	10
1048	3
1049	10
1050	9
1051	11
1052	8
1053	5
1054	9
1055	13
1056	5
1057	5
1058	3
1059	1
1060	3
1061	2
1062	7
1063	6
1064	4
1065	4
1066	1
1067	2
1068	8
1069	3
1070	6
1071	6
1072	6
1073	4
1074	5
1075	5
1076	5
1077	6
1078	11
1079	4
1080	2
1081	9
1082	3
1083	4
1084	5
1085	14
1086	7
1087	18
1088	4
1089	7
1090	10
1091	11
1092	19
1093	10
1094	23
1095	12
1096	8
1097	13
1098	20
1099	17
1100	24
1101	19
1102	21
1103	26
1104	16
1105	28
1106	30
1107	26
1108	28
1109	29
1110	36
1111	30
1112	27
1113	39
1114	36
1115	43
1116	48
1117	36
1118	48
1119	51
1120	35
1121	41
1122	48
1123	50
1124	58
1125	34
1126	62
1127	50
1128	50
1129	59
1130	49
1131	59
1132	57
1133	40
1134	58
1135	58
1136	39
1137	30
1138	52
1139	57
1140	47
1141	48
1142	60
1143	57
1144	37
1145	63
1146	46
1147	47
1148	50
1149	44
1150	41
1151	80
1152	28
1153	48
1154	41
1155	41
1156	47
1157	34
1158	42
1159	33
1160	36
1161	46
1162	39
1163	25
1164	39
1165	31
1166	30
1167	28
1168	20
1169	18
1170	36
1171	28
1172	25
1173	16
1174	33
1175	13
1176	15
1177	25
1178	8
1179	14
1180	11
1181	14
1182	8
1183	18
1184	9
1185	10
1186	14
1187	8
1188	12
1189	6
1190	9
1191	1
1192	9
1193	5
1194	6
1195	7
1196	8
1197	1
1198	6
1199	5
1200	7
1201	2
1202	5
1203	3
1204	4
1205	3
1206	2
1207	4
1208	3
1209	4
1210	6
1211	4
1212	1
1213	1
1214	5
1215	9
1216	1
1217	1
1218	3
1219	7
1220	6
1221	1
1222	6
1223	2
1224	3
1225	8
1226	6
1227	2
1228	4
1229	0
1230	2
1231	2
1232	1
1233	4
1234	3
1235	3
1236	5
1237	3
1238	3
1239	3
1240	2
1241	2
1242	4
1243	1
1244	3
1245	1
1246	1
1247	2
1248	1
1249	1
1250	4
1251	1
1252	1
1253	5
1254	6
1255	0
1256	0
1257	4
1258	1
1259	1
1260	3
1261	0
1262	1
1263	1
1264	1
1265	4
1266	3
1267	3
1268	5
1269	2
1270	7
1271	3
1272	2
1273	2
1274	3
1275	5
1276	1
1277	5
1278	4
1279	3
1280	0
1281	5
1282	2
1283	4
1284	3
1285	5
1286	4
1287	3
1288	5
1289	2
1290	2
1291	2
1292	4
1293	7
1294	0
1295	0
1296	4
1297	6
1298	3
1299	6
1300	3
1301	4
1302	2
1303	4
1304	3
1305	2
1306	2
1307	8
1308	5
1309	4
1310	8
1311	5
1312	6
1313	8
1314	2
1315	7
1316	3
1317	5
1318	6
1319	5
1320	3
1321	5
1322	10
1323	8
1324	4
1325	11
1326	8
1327	4
1328	5
1329	11
1330	5
1331	14
1332	5
1333	12
1334	7
1335	6
1336	7
1337	12
1338	17
1339	10
1340	14
1341	17
1342	7
1343	20
1344	10
1345	12
1346	10
1347	12
1348	22
1349	14
1350	27
1351	19
1352	22
1353	17
1354	9
1355	23
1356	33
1357	23
1358	26
1359	30
1360	27
1361	32
1362	32
1363	38
1364	34
1365	30
1366	43
1367	30
1368	30
1369	37
1370	37
1371	54
1372	41
1373	46
1374	51
1375	43
1376	33
1377	50
1378	46
1379	50
1380	69
1381	38
1382	63
1383	53
1384	52
1385	61
1386	45
1387	53
1388	80
1389	49
1390	62
1391	43
1392	48
1393	48
1394	64
1395	49
1396	53
1397	42
1398	63
1399	41
1400	50
1401	47
1402	45
1403	45
1404	43
1405	41
1406	49
1407	49
1408	41
1409	34
1410	40
1411	33
1412	54
1413	27
1414	37
1415	30
1416	35
1417	38
1418	34
1419	23
1420	35
1421	26
1422	33
1423	19
1424	21
1425	24
1426	30
1427	21
1428	20
1429	12
1430	18
1431	13
1432	19
1433	19
1434	18
1435	22
1436	12
1437	6
1438	14
1439	19
1440	9
1441	9
1442	14
1443	11
1444	13
1445	13
1446	16
1447	6
1448	11
1449	13
1450	9
1451	5
1452	4
1453	3
1454	3
1455	0
1456	7
1457	3
1458	7
1459	5
1460	3
1461	3
1462	4
1463	2
1464	2
1465	4
1466	4
1467	3
1468	3
1469	0
1470	5
1471	2
1472	2
1473	5
1474	3
1475	1
1476	2
1477	1
1478	2
1479	3
1480	1
1481	2
1482	4
1483	7
1484	0
1485	1
1486	1
1487	5
1488	2
1489	3
1490	5
1491	4
1492	5
1493	1
1494	5
1495	2
1496	2
1497	2
1498	1
1499	1
1500	4
1501	0
1502	2
1503	3
1504	2
1505	3
1506	3
1507	1
1508	3
1509	0
1510	1
1511	3
1512	2
1513	1
1514	1
1515	2
1516	2
1517	4
1518	1
1519	3
1520	0
1521	0
1522	1
1523	2
1524	4
1525	1
1526	2
1527	1
1528	4
1529	3
1530	1
1531	3
1532	3
1533	1
1534	1
1535	4
1536	1
1537	2
1538	1
1539	0
1540	2
1541	2
1542	1
1543	2
1544	1
1545	2
1546	1
1547	1
1548	5
1549	2
1550	1
1551	4
1552	4
1553	3
1554	2
1555	0
1556	3
1557	4
1558	6
1559	1
1560	0
1561	3
1562	2
1563	3
1564	2
1565	0
1566	0
1567	3
1568	1
1569	1
1570	2
1571	3
1572	2
1573	1
1574	3
1575	0
1576	3
1577	3
1578	0
1579	3
1580	3
1581	3
1582	4
1583	2
1584	3
1585	1
1586	4
1587	1
1588	5
1589	2
1590	2
1591	0
1592	4
1593	3
1594	2
1595	5
1596	2
1597	3
1598	4
1599	6
1600	1
1601	1
1602	3
1603	3
1604	3
1605	2
1606	4
1607	4
1608	1
1609	1
1610	2
1611	3
1612	7
1613	1
1614	3
1615	5
1616	7
1617	7
1618	4
1619	5
1620	4
1621	2
1622	5
1623	2
1624	5
1625	6
1626	5
1627	8
1628	2
1629	8
1630	9
1631	7
1632	7
1633	10
1634	4
1635	6
1636	12
1637	7
1638	6
1639	4
1640	8
1641	9
1642	6
1643	4
1644	9
1645	7
1646	12
1647	8
1648	11
1649	11
1650	5
1651	6
1652	10
1653	6
1654	13
1655	5
1656	5
1657	9
1658	5
1659	7
1660	9
1661	4
1662	11
1663	7
1664	6
1665	8
1666	5
1667	12
1668	11
1669	7
1670	9
1671	6
1672	12
1673	11
1674	7
1675	13
1676	11
1677	11
1678	7
1679	5
1680	5
1681	4
1682	12
1683	5
1684	3
1685	5
1686	10
1687	4
1688	2
1689	7
1690	7
1691	8
1692	6
1693	5
1694	3
1695	7
1696	6
1697	4
1698	4
1699	11
1700	9
1701	5
1702	5
1703	4
1704	8
1705	4
1706	5
1707	4
1708	6
1709	5
1710	5
1711	3
1712	1
1713	5
1714	4
1715	4
1716	6
1717	3
1718	5
1719	2
1720	5
1721	0
1722	3
1723	2
1724	4
1725	5
1726	2
1727	4
1728	3
1729	3
1730	2
1731	1
1732	3
1733	3
1734	3
1735	0
1736	2
1737	3
1738	2
1739	1
1740	2
1741	4
1742	4
1743	4
1744	1
1745	3
1746	0
1747	4
1748	2
1749	0
1750	0
1751	0
1752	3
1753	3
1754	2
1755	4
1756	1
1757	0
1758	2
1759	2
1760	1
1761	2
1762	3
1763	4
1764	3
1765	3
1766	2
1767	1
1768	1
1769	5
1770	0
1771	4
1772	1
1773	2
1774	1
1775	3
1776	2
1777	5
1778	3
1779	3
1780	3
1781	0
1782	3
1783	2
1784	1
1785	2
1786	2
1787	0
1788	2
1789	4
1790	2
1791	6
1792	2
1793	3
1794	7
1795	2
1796	7
1797	2
1798	0
1799	3
1800	3
1801	1
1802	0
1803	1
1804	1
1805	1
1806	1
1807	2
1808	3
1809	5
1810	1
1811	3
1812	2
1813	2
1814	2
1815	1
1816	0
1817	3
1818	1
1819	4
1820	3
1821	1
1822	1
1823	1
1824	2
1825	1
1826	4
1827	3
1828	1
1829	2
1830	1
1831	1
1832	1
1833	5
1834	0
1835	3
1836	4
1837	0
1838	3
1839	3
1840	2
1841	6
1842	1
1843	1
1844	3
1845	1
1846	3
1847	0
1848	1
1849	1
1850	2
1851	5
1852	5
1853	3
1854	1
1855	4
1856	5
1857	4
1858	7
1859	2
1860	4
1861	4
1862	2
1863	1
1864	4
1865	8
1866	4
1867	3
1868	4
1869	5
1870	6
1871	4
1872	2
1873	1
1874	2
1875	3
1876	7
1877	2
1878	6
1879	3
1880	12
1881	10
1882	7
1883	4
1884	6
1885	6
1886	7
1887	4
1888	8
1889	5
1890	3
1891	3
1892	9
1893	8
1894	9
1895	3
1896	8
1897	14
1898	5
1899	10
1900	10
1901	6
1902	2
1903	5
1904	6
1905	8
1906	12
1907	6
1908	14
1909	4
1910	8
1911	3
1912	14
1913	12
1914	7
1915	11
1916	7
1917	10
1918	7
1919	4
1920	1
1921	6
1922	4
1923	6
1924	8
1925	5
1926	7
1927	5
1928	8
1929	14
1930	4
1931	9
1932	11
1933	2
1934	6
1935	2
1936	5
1937	7
1938	8
1939	4
1940	7
1941	9
1942	14
1943	4
1944	9
1945	15
1946	3
1947	7
1948	5
1949	7
1950	4
1951	8
1952	12
1953	10
1954	5
1955	5
1956	12
1957	7
1958	17
1959	4
1960	6
1961	11
1962	1
1963	4
1964	7
1965	5
1966	7
1967	5
1968	10
1969	5
1970	8
1971	7
1972	11
1973	9
1974	3
1975	4
1976	5
1977	10
1978	9
1979	7
1980	5
1981	5
1982	4
1983	6
1984	4
1985	9
1986	6
1987	4
1988	2
1989	4
1990	10
1991	2
1992	4
1993	10
1994	3
1995	6
1996	7
1997	9
1998	6
1999	1
2000	6
2001	7
2002	4
2003	6
2004	3
2005	10
2006	4
2007	3
2008	1
2009	7
2010	1
2011	5
2012	5
2013	2
2014	4
2015	3
2016	0
2017	2
2018	3
2019	4
2020	4
2021	5
2022	4
2023	2
2024	5
2025	0
2026	1
2027	2
2028	3
2029	3
2030	4
2031	3
2032	5
2033	2
2034	4
2035	8
2036	1
2037	2
2038	4
2039	4
2040	2
2041	3
2042	0
2043	4
2044	0
2045	1
2046	2
2047	2
2048	3
2049	0
2050	0
2051	1
2052	1
2053	0
2054	3
2055	1
2056	2
2057	3
2058	0
2059	1
2060	1
2061	1
2062	3
2063	2
2064	1
2065	2
2066	1
2067	2
2068	1
2069	1
2070	2
2071	3
2072	1
2073	0
2074	2
2075	1
2076	2
2077	1
2078	1
2079	2
2080	1
2081	0
2082	1
2083	1
2084	2
2085	2
2086	1
2087	4
2088	1
2089	0
2090	1
2091	2
2092	3
2093	0
2094	2
2095	1
2096	2
2097	1
2098	1
2099	1
2100	2
2101	2
2102	2
2103	2
2104	0
2105	0
2106	1
2107	3
2108	3
2109	2
2110	3
2111	2
2112	0
2113	1
2114	0
2115	2
2116	2
2117	0
2118	3
2119	0
2120	0
2121	1
2122	0
2123	2
2124	0
2125	2
2126	3
2127	0
2128	2
2129	3
2130	3
2131	2
2132	1
2133	0
2134	1
2135	0
2136	3
2137	3
2138	4
2139	3
2140	1
2141	3
2142	3
2143	4
2144	3
2145	1
2146	5
2147	3
2148	4
2149	1
2150	2
2151	2
2152	2
2153	2
2154	3
2155	2
2156	1
2157	2
2158	3
2159	1
2160	1
2161	3
2162	3
2163	3
2164	2
2165	1
2166	0
2167	1
2168	4
2169	6
2170	1
2171	2
2172	2
2173	1
2174	3
2175	3
2176	2
2177	3
2178	4
2179	2
2180	2
2181	2
2182	3
2183	0
2184	0
2185	6
2186	4
2187	0
2188	3
2189	4
2190	2
2191	1
2192	0
2193	0
2194	4
2195	4
2196	0
2197	3
2198	0
2199	1
2200	1
2201	5
2202	4
2203	4
2204	1
2205	2
2206	0
2207	2
2208	0
2209	5
2210	3
2211	1
2212	1
2213	1
2214	4
2215	2
2216	3
2217	1
2218	1
2219	3
2220	2
2221	0
2222	2
2223	3
2224	3
2225	2
2226	3
2227	2
2228	1
2229	0
2230	2
2231	0
2232	1
2233	2
2234	0
2235	4
2236	4
2237	4
2238	3
2239	1
2240	2
2241	0
2242	2
2243	1
2244	1
2245	3
2246	1
2247	0
2248	1
2249	0
2250	0
2251	1
2252	3
2253	2
2254	1
2255	2
2256	1
2257	2
2258	1
2259	1
2260	1
2261	1
2262	0
2263	4
2264	2
2265	4
2266	0
2267	3
2268	1
2269	1
2270	1
2271	1
2272	1
2273	1
2274	2
2275	1
2276	0
2277	2
2278	1
2279	2
2280	0
2281	5
2282	1
2283	0
2284	0
2285	2
2286	0
2287	1
2288	1
2289	2
2290	0
2291	0
2292	2
2293	1
2294	2
2295	1
2296	1
2297	1
2298	0
2299	1
2300	0
2301	0
2302	1
2303	0
2304	0
2305	0
2306	0
2307	2
2308	2
2309	0
2310	2
2311	1
2312	1
2313	0
2314	0
2315	1
2316	0
2317	2
2318	2
2319	0
2320	0
2321	1
2322	1
2323	0
2324	2
2325	2
2326	1
2327	0
2328	1
2329	1
2330	0
2331	0
2332	3
2333	1
2334	0
2335	0
2336	0
2337	1
2338	2
2339	0
2340	0
2341	2
2342	1
2343	3
2344	1
2345	0
2346	0
2347	2
2348	0
2349	0
2350	0
2351	0
2352	1
2353	1
2354	1
2355	0
2356	1
2357	1
2358	2
2359	1
2360	0
2361	0
2362	0
2363	1
2364	0
2365	0
2366	0
2367	1
2368	1
2369	0
2370	0
2371	0
2372	2
2373	1
2374	0
2375	0
2376	3
2377	2
2378	0
2379	0
2380	2
2381	2
2382	1
2383	1
2384	0
2385	1
2386	0
2387	1
2388	0
2389	0
2390	1
2391	0
2392	1
2393	0
2394	2
2395	1
2396	0
2397	1
2398	2
2399	0
2400	2
2401	0
2402	2
2403	1
2404	4
2405	0
2406	0
2407	1
2408	0
2409	1
2410	0
2411	2
2412	0
2413	1
2414	1
2415	1
2416	0
2417	1
2418	2
2419	0
2420	0
2421	1
2422	0
2423	0
2424	1
2425	2
2426	0
2427	2
2428	1
2429	0
2430	1
2431	2
2432	1
2433	0
2434	2
2435	1
2436	1
2437	1
2438	2
2439	0
2440	0
2441	2
2442	0
2443	0
2444	0
2445	1
2446	0
2447	0
2448	0
2449	3
2450	1
2451	0
2452	0
2453	2
2454	0
2455	0
2456	1
2457	1
2458	1
2459	2
2460	2
2461	1
2462	2
2463	1
2464	0
2465	0
2466	1
2467	0
2468	0
2469	0
2470	0
2471	1
2472	2
2473	0
2474	0
2475	1
2476	1
2477	1
2478	0
2479	0
2480	2
2481	0
2482	0
2483	1
2484	0
2485	1
2486	0
2487	1
2488	0
2489	0
2490	2
2491	1
2492	0
2493	0
2494	0
2495	1
2496	0
2497	0
2498	1
2499	1
2500	1
2501	0
2502	1
2503	0
2504	1
2505	1
2506	1
2507	2
2508	1
2509	1
2510	2
2511	1
2512	0
2513	0
2514	0
2515	0
2516	0
2517	1
2518	1
2519	0
2520	1
2521	1
2522	1
2523	3
2524	0
2525	2
2526	2
2527	1
2528	1
2529	2
2530	0
2531	0
2532	1
2533	2
2534	1
2535	1
2536	0
2537	0
2538	1
2539	0
2540	0
2541	0
2542	1
2543	0
2544	1
2545	0
2546	2
2547	1
2548	1
2549	2
2550	3
2551	2
2552	1
2553	0
2554	0
2555	2
2556	0
2557	0
2558	2
2559	0
2560	2
2561	1
2562	0
2563	3
2564	0
2565	0
2566	0
2567	0
2568	2
2569	2
2570	0
2571	2
2572	0
2573	3
2574	0
2575	0
2576	0
2577	0
2578	0
2579	1
2580	1
2581	1
2582	0
2583	2
2584	1
2585	0
2586	0
2587	1
2588	0
2589	1
2590	1
2591	1
2592	0
2593	0
2594	2
2595	0
2596	3
2597	0
2598	1
2599	1
2600	0
2601	2
2602	0
2603	0
2604	0
2605	0
2606	0
2607	0
2608	1
2609	1
2610	1
2611	1
2612	1
2613	1
2614	0
2615	1
2616	1
2617	1
2618	0
2619	0
2620	0
2621	0
2622	0
2623	0
2624	1
2625	0
2626	2
2627	1
2628	0
2629	0
2630	2
2631	0
2632	1
2633	2
2634	0
2635	0
2636	1
2637	1
2638	1
2639	1
2640	0
2641	2
2642	0
2643	0
2644	1
2645	0
2646	0
2647	1
2648	0
2649	0
2650	0
2651	0
2652	1
2653	0
2654	0
2655	0
2656	1
2657	2
2658	2
2659	3
2660	0
2661	2
2662	3
2663	0
2664	0
2665	1
2666	0
2667	0
2668	2
2669	0
2670	1
2671	0
2672	1
2673	0
2674	2
2675	2
2676	1
2677	0
2678	1
2679	2
2680	0
2681	2
2682	0
2683	0
2684	2
2685	0
2686	0
2687	1
2688	1
2689	0
2690	0
2691	1
2692	0
2693	0
2694	0
2695	2
2696	1
2697	2
2698	2
2699	1
2700	3
2701	0
2702	2
2703	0
2704	1
2705	2
2706	0
2707	1
2708	0
2709	1
2710	1
2711	0
2712	1
2713	1
2714	1
2715	1
2716	0
2717	1
2718	1
2719	0
2720	0
2721	0
2722	1
2723	0
2724	0
2725	0
2726	0
2727	0
2728	0
2729	0
2730	0
2731	0
2732	0
2733	1
2734	0
2735	0
2736	0
2737	1
2738	2
2739	2
2740	2
2741	0
2742	2
2743	0
2744	2
2745	2
2746	0
2747	0
2748	0
2749	1
2750	0
2751	0
2752	2
2753	0
2754	1
2755	0
2756	2
2757	0
2758	0
2759	1
2760	0
2761	1
2762	1
2763	0
2764	4
2765	2
2766	0
2767	0
2768	1
2769	0
2770	2
2771	1
2772	0
2773	0
2774	1
2775	0
2776	0
2777	0
2778	1
2779	1
2780	0
2781	1
2782	0
2783	0
2784	0
2785	1
2786	0
2787	0
2788	2
2789	0
2790	1
2791	1
2792	1
2793	0
2794	0
2795	3
2796	0
2797	0
2798	0
2799	1
2800	2
2801	0
2802	1
2803	2
2804	0
2805	1
2806	0
2807	0
2808	1
2809	0
2810	0
2811	0
2812	0
2813	1
2814	0
2815	0
2816	0
2817	1
2818	0
2819	2
2820	1
2821	1
2822	1
2823	0
2824	1
2825	0
2826	1
2827	0
2828	0
2829	2
2830	0
2831	0
2832	0
2833	0
2834	0
2835	0
2836	0
2837	1
2838	0
2839	0
2840	0
2841	0
2842	2
2843	0
2844	0
2845	0
2846	1
2847	0
2848	0
2849	1
2850	0
2851	0
2852	1
2853	1
2854	0
2855	0
2856	0
2857	1
2858	0
2859	0
2860	0
2861	0
2862	1
2863	1
2864	1
2865	0
2866	1
2867	1
2868	0
2869	0
2870	0
2871	1
2872	0
2873	1
2874	1
2875	0
2876	0
2877	0
2878	1
2879	2
2880	0
2881	0
2882	1
2883	0
2884	0
2885	0
2886	0
2887	0
2888	0
2889	1
2890	0
2891	1
2892	1
2893	0
2894	0
2895	0
2896	2
2897	0
2898	0
2899	0
2900	1
2901	1
2902	0
2903	0
2904	1
2905	1
2906	0
2907	0
2908	0
2909	0
2910	1
2911	0
2912	0
2913	0
2914	0
2915	0
2916	0
2917	0
2918	0
2919	1
2920	1
2921	0
2922	1
2923	0
2924	0
2925	1
2926	1
2927	0
2928	0
2929	0
2930	0
2931	0
2932	1
2933	0
2934	1
2935	0
2936	1
2937	1
2938	0
2939	0
2940	2
2941	0
2942	0
2943	0
2944	0
2945	0
2946	0
2947	1
2948	1
2949	0
2950	0
2951	0
2952	1
2953	0
2954	2
2955	1
2956	0
2957	0
2958	0
2959	0
2960	1
2961	0
2962	0
2963	2
2964	2
2965	0
2966	1
2967	1
2968	0
2969	0
2970	0
2971	0
2972	1
2973	0
2974	1
2975	0
2976	1
2977	0
2978	1
2979	1
2980	0
2981	0
2982	1
2983	0
2984	2
2985	0
2986	0
2987	1
2988	0
2989	0
2990	3
2991	2
2992	0
2993	0
2994	1
2995	0
2996	0
2997	0
2998	1
2999	2
3000	0
3001	2
3002	0
3003	1
3004	0
3005	1
3006	1
3007	0
3008	0
3009	0
3010	0
3011	1
3012	1
3013	0
3014	1
3015	1
3016	1
3017	1
3018	0
3019	0
3020	0
3021	2
3022	0
3023	0
3024	0
3025	0
3026	0
3027	2
3028	1
3029	0
3030	1
3031	0
3032	1
3033	0
3034	0
3035	2
3036	2
3037	1
3038	0
3039	0
3040	0
3041	0
3042	0
3043	0
3044	0
3045	0
3046	1
3047	1
3048	1
3049	1
3050	1
3051	0
3052	2
3053	2
3054	1
3055	0
3056	0
3057	1
3058	0
3059	1
3060	1
3061	0
3062	0
3063	0
3064	0
3065	0
3066	0
3067	1
3068	0
3069	1
3070	1
3071	0
3072	1
3073	1
3074	0
3075	0
3076	0
3077	1
3078	0
3079	1
3080	1
3081	0
3082	1
3083	0
3084	0
3085	1
3086	0
3087	0
3088	0
3089	0
3090	0
3091	1
3092	2
3093	1
3094	0
3095	0
3096	1
3097	2
3098	0
3099	1
3100	0
3101	2
3102	1
3103	0
3104	0
3105	0
3106	0
3107	0
3108	0
3109	0
3110	1
3111	0
3112	3
3113	2
3114	0
3115	0
3116	0
3117	0
3118	0
3119	0
3120	1
3121	0
3122	0
3123	0
3124	0
3125	0
3126	1
3127	1
3128	0
3129	0
3130	0
3131	0
3132	0
3133	0
3134	0
3135	0
3136	0
3137	0
3138	0
3139	0
3140	0
3141	0
3142	0
3143	0
3144	0
3145	1
3146	0
3147	0
3148	0
3149	1
3150	0
3151	1
3152	0
3153	0
3154	0
3155	0
3156	0
3157	0
3158	0
3159	0
3160	0
3161	1
3162	0
3163	1
3164	1
3165	0
3166	0
3167	0
3168	0
3169	0
3170	0
3171	1
3172	0
3173	0
3174	0
3175	0
3176	0
3177	0
3178	0
3179	0
3180	0
3181	1
3182	0
3183	0
3184	0
3185	0
3186	1
3187	1
3188	2
3189	0
3190	0
3191	0
3192	0
3193	1
3194	0
3195	0
3196	0
3197	0
3198	0
3199	0
3200	0
3201	0
3202	1
3203	0
3204	0
3205	1
3206	0
3207	0
3208	0
3209	0
3210	0
3211	1
3212	0
3213	0
3214	0
3215	0
3216	2
3217	0
3218	0
3219	1
3220	0
3221	0
3222	2
3223	0
3224	0
3225	0
3226	0
3227	0
3228	0
3229	0
3230	0
3231	0
3232	1
3233	0
3234	0
3235	0
3236	0
3237	0
3238	1
3239	1
3240	2
3241	0
3242	0
3243	0
3244	0
3245	0
3246	0
3247	0
3248	0
3249	1
3250	0
3251	1
3252	0
3253	0
3254	0
3255	1
3256	0
3257	1
3258	0
3259	0
3260	0
3261	0
3262	0
3263	0
3264	0
3265	0
3266	0
3267	0
3268	0
3269	0
3270	0
3271	0
3272	0
3273	0
3274	1
3275	0
3276	0
3277	0
3278	0
3279	0
3280	0
3281	0
3282	0
3283	0
3284	1
3285	0
3286	0
3287	0
3288	0
3289	0
3290	0
3291	0
3292	1
3293	0
3294	0
3295	1
3296	2
3297	0
3298	0
3299	1
3300	0
3301	0
3302	0
3303	0
3304	0
3305	1
3306	0
3307	1
3308	1
3309	0
3310	0
3311	0
3312	0
3313	0
3314	0
3315	0
3316	0
3317	0
3318	0
3319	0
3320	0
3321	0
3322	0
3323	0
3324	0
3325	0
3326	0
3327	1
3328	0
3329	0
3330	0
3331	0
3332	1
3333	1
3334	0
3335	0
3336	0
3337	0
3338	0
3339	0
3340	0
3341	0
3342	1
3343	0
3344	0
3345	1
3346	0
3347	0
3348	0
3349	0
3350	1
3351	1
3352	2
3353	1
3354	0
3355	0
3356	0
3357	0
3358	0
3359	0
3360	0
3361	0
3362	0
3363	1
3364	0
3365	0
3366	1
3367	0
3368	0
3369	0
3370	0
3371	0
3372	2
3373	0
3374	0
3375	0
3376	0
3377	0
3378	0
3379	0
3380	0
3381	0
3382	0
3383	1
3384	0
3385	0
3386	0
3387	0
3388	0
3389	1
3390	0
3391	0
3392	0
3393	0
3394	1
3395	0
3396	0
3397	0
3398	0
3399	0
3400	0
3401	0
3402	0
3403	0
3404	0
3405	0
3406	0
3407	0
3408	0
3409	0
3410	0
3411	0
3412	0
3413	1
3414	0
3415	0
3416	0
3417	0
3418	0
3419	0
3420	0
3421	0
3422	0
3423	0
3424	0
3425	1
3426	0
3427	0
3428	0
3429	0
3430	0
3431	0
3432	0
3433	0
3434	0
3435	0
3436	1
3437	0
3438	0
3439	0
3440	0
3441	0
3442	0
3443	0
3444	0
3445	0
3446	0
3447	0
3448	0
3449	0
3450	0
3451	0
3452	0
3453	0
3454	0
3455	1
3456	0
3457	0
3458	1
3459	0
3460	0
3461	0
3462	0
3463	1
3464	0
3465	0
3466	0
3467	0
3468	0
3469	0
3470	0
3471	0
3472	0
3473	0
3474	0
3475	1
3476	0
3477	0
3478	0
3479	0
3480	0
3481	0
3482	0
3483	1
3484	0
3485	0
3486	0
3487	0
3488	0
3489	0
3490	0
3491	0
3492	0
3493	0
3494	0
3495	0
3496	0
3497	1
3498	0
3499	0
3500	0
3501	0
3502	0
3503	0
3504	0
3505	0
3506	0
3507	0
3508	0
3509	0
3510	0
3511	0
3512	0
3513	0
3514	0
3515	0
3516	0
3517	0
3518	0
3519	0
3520	0
3521	1
3522	0
3523	0
3524	0
3525	0
3526	0
3527	0
3528	0
3529	1
3530	0
3531	0
3532	0
3533	0
3534	0
3535	0
3536	0
3537	0
3538	0
3539	0
3540	0
3541	0
3542	0
3543	0
3544	0
3545	0
3546	0
3547	0
3548	0
3549	0
3550	0
3551	0
3552	0
3553	0
3554	0
3555	0
3556	0
3557	0
3558	0
3559	0
3560	0
3561	0
3562	1
3563	0
3564	0
3565	0
3566	0
3567	0
3568	0
3569	0
3570	1
3571	0
3572	0
3573	0
3574	0
3575	0
3576	0
3577	0
3578	0
3579	0
3580	0
3581	0
3582	0
3583	0
3584	0
3585	0
3586	0
3587	0
3588	0
3589	0
3590	0
3591	0
3592	0
3593	0
3594	0
3595	0
3596	0
3597	0
3598	0
3599	1
3600	0
3601	0
3602	0
3603	0
3604	0
3605	0
3606	0
3607	0
3608	0
3609	0
3610	0
3611	0
3612	0
3613	0
3614	0
3615	0
3616	0
3617	0
3618	0
3619	0
3620	1
3621	0
3622	1
3623	0
3624	0
3625	1
3626	0
3627	0
3628	0
3629	0
3630	0
3631	0
3632	0
3633	0
3634	0
3635	0
3636	0
3637	0
3638	0
3639	0
3640	0
3641	0
3642	0
3643	0
3644	0
3645	0
3646	0
3647	0
3648	0
3649	0
3650	0
3651	0
3652	0
3653	0
3654	0
3655	0
3656	0
3657	0
3658	0
3659	0
3660	0
3661	0
3662	0
3663	0
3664	0
3665	0
3666	0
3667	0
3668	0
3669	0
3670	0
3671	0
3672	0
3673	0
3674	0
3675	1
3676	0
3677	0
3678	0
3679	0
3680	0
3681	0
3682	0
3683	0
3684	0
3685	0
3686	0
3687	0
3688	0
3689	0
3690	0
3691	0
3692	0
3693	0
3694	0
3695	0
3696	0
3697	0
3698	0
3699	0
3700	0
3701	0
3702	0
3703	0
3704	0
3705	0
3706	0
3707	0
3708	0
3709	0
3710	0
3711	0
3712	0
3713	0
3714	0
3715	0
3716	0
3717	0
3718	0
3719	0
3720	0
3721	1
3722	0
3723	1
3724	0
3725	0
3726	0
3727	0
3728	0
3729	0
3730	0
3731	0
3732	0
3733	0
3734	0
3735	0
3736	0
3737	0
3738	0
3739	0
3740	0
3741	0
3742	0
3743	0
3744	0
3745	0
3746	0
3747	0
3748	0
3749	0
3750	0
3751	0
3752	0
3753	0
3754	1
3755	0
3756	0
3757	0
3758	0
3759	0
3760	0
3761	0
3762	0
3763	0
3764	0
3765	0
3766	0
3767	0
3768	0
3769	0
3770	0
3771	0
3772	0
3773	0
3774	0
3775	0
3776	0
3777	0
3778	0
3779	0
3780	0
3781	0
3782	0
3783	0
3784	1
3785	0
3786	0
3787	0
3788	0
3789	0
3790	0
3791	0
3792	0
3793	0
3794	0
3795	0
3796	0
3797	0
3798	0
3799	0
3800	0
3801	0
3802	1
3803	1
3804	0
3805	0
3806	0
3807	0
3808	0
3809	0
3810	0
3811	0
3812	0
3813	0
3814	0
3815	0
3816	0
3817	0
3818	0
3819	0
3820	0
3821	0
3822	0
3823	0
3824	0
3825	0
3826	0
3827	0
3828	0
3829	0
3830	0
3831	0
3832	0
3833	0
3834	0
3835	0
3836	0
3837	0
3838	0
3839	0
3840	0
3841	0
3842	0
3843	0
3844	0
3845	0
3846	0
3847	0
3848	0
3849	0
3850	0
3851	0
3852	0
3853	0
3854	0
3855	0
3856	0
3857	0
3858	0
3859	0
3860	0
3861	0
3862	0
3863	0
3864	0
3865	0
3866	0
3867	0
3868	0
3869	0
3870	0
3871	0
3872	0
3873	0
3874	0
3875	0
3876	0
3877	0
3878	0
3879	0
3880	0
3881	0
3882	0
3883	0
3884	0
3885	0
3886	0
3887	0
3888	0
3889	0
3890	0
3891	0
3892	0
3893	0
3894	0
3895	0
3896	0
3897	0
3898	0
3899	0
3900	0
3901	0
3902	0
3903	0
3904	0
3905	0
3906	0
3907	0
3908	0
3909	0
3910	0
3911	0
3912	0
3913	0
3914	0
3915	0
3916	0
3917	0
3918	0
3919	0
3920	0
3921	0
3922	0
3923	0
3924	0
3925	0
3926	0
3927	0
3928	0
3929	0
3930	0
3931	0
3932	0
3933	0
3934	0
3935	0
3936	0
3937	0
3938	0
3939	0
3940	0
3941	0
3942	0
3943	0
3944	0
3945	0
3946	0
3947	0
3948	0
3949	0
3950	0
3951	0
3952	0
3953	0
3954	0
3955	0
3956	0
3957	0
3958	0
3959	0
3960	0
3961	0
3962	0
3963	0
3964	0
3965	0
3966	0
3967	0
3968	0
3969	0
3970	0
3971	0
3972	0
3973	0
3974	0
3975	0
3976	0
3977	0
3978	0
3979	0
3980	0
3981	0
3982	0
3983	0
3984	0
3985	0
3986	0
3987	0
3988	0
3989	0
3990	0
3991	0
3992	0
3993	0
3994	0
3995	0
3996	0
3997	0
3998	0
3999	0
4000	0
