Channel number	Impulses
Channel/#	Impulses/#

0	0
1	0
2	0
3	0
4	0
5	0
6	0
7	0
8	0
9	0
10	0
11	0
12	0
13	0
14	0
15	0
16	0
17	0
18	0
19	0
20	0
21	0
22	0
23	0
24	0
25	0
26	0
27	0
28	0
29	0
30	0
31	0
32	0
33	0
34	0
35	0
36	0
37	0
38	0
39	0
40	0
41	0
42	0
43	0
44	0
45	0
46	0
47	0
48	0
49	0
50	1
51	0
52	1
53	0
54	1
55	1
56	3
57	1
58	2
59	2
60	2
61	3
62	2
63	6
64	0
65	3
66	2
67	2
68	2
69	3
70	4
71	2
72	0
73	0
74	2
75	1
76	3
77	4
78	1
79	2
80	2
81	3
82	1
83	3
84	1
85	2
86	1
87	2
88	3
89	2
90	2
91	3
92	4
93	5
94	6
95	2
96	2
97	1
98	3
99	2
100	2
101	4
102	1
103	1
104	0
105	0
106	1
107	2
108	1
109	1
110	4
111	3
112	2
113	1
114	6
115	1
116	1
117	0
118	1
119	0
120	0
121	0
122	6
123	2
124	2
125	3
126	1
127	3
128	0
129	0
130	0
131	0
132	1
133	4
134	0
135	1
136	4
137	2
138	0
139	2
140	4
141	1
142	2
143	0
144	1
145	4
146	0
147	1
148	3
149	2
150	1
151	0
152	0
153	1
154	1
155	1
156	1
157	0
158	1
159	3
160	1
161	1
162	1
163	0
164	4
165	2
166	1
167	1
168	2
169	2
170	1
171	1
172	1
173	2
174	2
175	3
176	1
177	2
178	0
179	0
180	1
181	1
182	0
183	1
184	3
185	2
186	1
187	1
188	4
189	1
190	6
191	2
192	0
193	3
194	1
195	1
196	1
197	3
198	2
199	0
200	2
201	0
202	1
203	0
204	3
205	2
206	2
207	0
208	1
209	0
210	2
211	2
212	1
213	0
214	1
215	0
216	0
217	1
218	1
219	1
220	1
221	1
222	2
223	0
224	1
225	0
226	1
227	2
228	1
229	2
230	3
231	1
232	0
233	4
234	0
235	1
236	3
237	3
238	0
239	0
240	0
241	0
242	1
243	1
244	0
245	2
246	1
247	2
248	2
249	5
250	1
251	2
252	3
253	1
254	0
255	3
256	0
257	0
258	0
259	2
260	0
261	0
262	2
263	1
264	2
265	1
266	0
267	1
268	2
269	0
270	1
271	1
272	2
273	0
274	0
275	1
276	1
277	2
278	1
279	3
280	0
281	1
282	0
283	1
284	2
285	0
286	0
287	2
288	0
289	2
290	1
291	2
292	0
293	2
294	0
295	1
296	1
297	0
298	1
299	1
300	0
301	3
302	0
303	2
304	0
305	0
306	1
307	3
308	1
309	0
310	0
311	1
312	1
313	0
314	0
315	1
316	1
317	0
318	0
319	2
320	1
321	0
322	2
323	0
324	1
325	0
326	0
327	1
328	0
329	1
330	0
331	0
332	3
333	1
334	1
335	1
336	1
337	0
338	3
339	1
340	1
341	2
342	1
343	0
344	1
345	2
346	1
347	1
348	2
349	0
350	1
351	1
352	0
353	1
354	1
355	1
356	0
357	2
358	2
359	2
360	2
361	0
362	1
363	0
364	1
365	0
366	0
367	0
368	1
369	1
370	1
371	1
372	0
373	2
374	0
375	1
376	1
377	0
378	1
379	1
380	1
381	0
382	2
383	0
384	0
385	0
386	0
387	0
388	1
389	0
390	0
391	0
392	2
393	0
394	0
395	0
396	0
397	1
398	1
399	2
400	1
401	0
402	1
403	0
404	1
405	0
406	3
407	0
408	0
409	2
410	0
411	1
412	0
413	1
414	2
415	0
416	2
417	3
418	2
419	0
420	0
421	1
422	1
423	0
424	2
425	0
426	0
427	2
428	3
429	3
430	1
431	2
432	1
433	0
434	1
435	3
436	1
437	1
438	0
439	1
440	0
441	1
442	2
443	2
444	2
445	2
446	1
447	2
448	0
449	1
450	1
451	2
452	1
453	0
454	0
455	1
456	1
457	1
458	0
459	0
460	1
461	2
462	0
463	1
464	0
465	1
466	0
467	0
468	1
469	0
470	0
471	1
472	2
473	3
474	3
475	2
476	1
477	0
478	0
479	2
480	0
481	1
482	1
483	1
484	1
485	0
486	1
487	0
488	0
489	0
490	0
491	1
492	1
493	2
494	1
495	0
496	0
497	2
498	1
499	0
500	0
501	0
502	0
503	0
504	1
505	1
506	1
507	1
508	1
509	1
510	1
511	0
512	1
513	0
514	0
515	0
516	0
517	0
518	2
519	1
520	0
521	1
522	2
523	1
524	1
525	1
526	1
527	1
528	2
529	2
530	0
531	1
532	1
533	2
534	2
535	0
536	0
537	1
538	1
539	2
540	1
541	1
542	0
543	2
544	1
545	0
546	0
547	1
548	5
549	3
550	0
551	1
552	0
553	0
554	0
555	0
556	0
557	0
558	0
559	3
560	0
561	0
562	0
563	1
564	2
565	1
566	0
567	0
568	0
569	0
570	0
571	0
572	2
573	1
574	1
575	3
576	1
577	1
578	1
579	2
580	0
581	1
582	1
583	0
584	1
585	1
586	0
587	2
588	0
589	0
590	1
591	1
592	0
593	1
594	2
595	1
596	3
597	1
598	1
599	0
600	0
601	1
602	1
603	1
604	0
605	4
606	0
607	1
608	2
609	1
610	0
611	1
612	1
613	2
614	0
615	1
616	1
617	0
618	0
619	1
620	2
621	0
622	2
623	0
624	0
625	3
626	1
627	2
628	1
629	2
630	0
631	0
632	2
633	0
634	1
635	1
636	2
637	4
638	1
639	4
640	0
641	1
642	2
643	2
644	2
645	2
646	2
647	0
648	2
649	0
650	0
651	1
652	0
653	0
654	1
655	2
656	1
657	1
658	2
659	0
660	0
661	0
662	1
663	0
664	0
665	1
666	0
667	0
668	3
669	0
670	1
671	1
672	0
673	1
674	1
675	1
676	2
677	1
678	0
679	2
680	1
681	3
682	3
683	3
684	2
685	2
686	3
687	0
688	1
689	0
690	3
691	2
692	2
693	1
694	0
695	0
696	0
697	0
698	0
699	4
700	2
701	0
702	2
703	4
704	0
705	2
706	2
707	2
708	3
709	0
710	1
711	0
712	4
713	0
714	0
715	1
716	1
717	1
718	3
719	5
720	1
721	5
722	2
723	3
724	3
725	3
726	2
727	0
728	1
729	1
730	0
731	2
732	1
733	3
734	5
735	1
736	1
737	0
738	0
739	1
740	1
741	1
742	1
743	1
744	2
745	4
746	2
747	2
748	5
749	0
750	1
751	4
752	2
753	1
754	1
755	1
756	3
757	2
758	2
759	2
760	1
761	2
762	4
763	2
764	2
765	3
766	3
767	5
768	2
769	3
770	6
771	3
772	4
773	3
774	4
775	3
776	0
777	2
778	3
779	3
780	1
781	1
782	1
783	3
784	2
785	2
786	5
787	1
788	2
789	1
790	7
791	3
792	4
793	1
794	2
795	1
796	2
797	5
798	2
799	2
800	3
801	1
802	3
803	4
804	1
805	7
806	3
807	2
808	2
809	2
810	0
811	4
812	3
813	2
814	3
815	3
816	2
817	8
818	3
819	2
820	1
821	2
822	7
823	1
824	5
825	3
826	3
827	6
828	2
829	6
830	3
831	4
832	0
833	3
834	4
835	1
836	1
837	4
838	3
839	2
840	2
841	2
842	4
843	4
844	3
845	4
846	2
847	0
848	4
849	4
850	10
851	1
852	3
853	3
854	3
855	2
856	4
857	9
858	5
859	4
860	8
861	4
862	1
863	7
864	2
865	4
866	5
867	5
868	4
869	2
870	4
871	4
872	2
873	4
874	6
875	4
876	5
877	8
878	1
879	3
880	7
881	5
882	5
883	4
884	2
885	3
886	7
887	5
888	8
889	6
890	0
891	4
892	8
893	3
894	3
895	3
896	4
897	1
898	8
899	2
900	3
901	3
902	4
903	1
904	4
905	3
906	3
907	5
908	3
909	3
910	5
911	1
912	7
913	4
914	5
915	6
916	8
917	0
918	3
919	7
920	3
921	6
922	4
923	2
924	6
925	3
926	3
927	3
928	3
929	11
930	7
931	5
932	5
933	6
934	7
935	2
936	6
937	7
938	4
939	9
940	6
941	6
942	4
943	2
944	6
945	5
946	9
947	7
948	7
949	4
950	5
951	3
952	6
953	9
954	5
955	8
956	4
957	4
958	10
959	7
960	4
961	2
962	8
963	3
964	2
965	8
966	11
967	1
968	7
969	4
970	8
971	5
972	4
973	6
974	1
975	2
976	3
977	4
978	7
979	6
980	7
981	7
982	6
983	5
984	2
985	9
986	5
987	6
988	5
989	9
990	12
991	4
992	5
993	6
994	5
995	2
996	7
997	5
998	6
999	6
1000	7
1001	6
1002	10
1003	2
1004	1
1005	4
1006	4
1007	4
1008	4
1009	4
1010	9
1011	6
1012	3
1013	4
1014	7
1015	2
1016	5
1017	3
1018	5
1019	5
1020	7
1021	6
1022	6
1023	12
1024	1
1025	5
1026	7
1027	6
1028	4
1029	8
1030	5
1031	3
1032	4
1033	9
1034	3
1035	5
1036	11
1037	3
1038	6
1039	6
1040	6
1041	9
1042	11
1043	7
1044	4
1045	5
1046	5
1047	3
1048	5
1049	5
1050	3
1051	12
1052	5
1053	4
1054	7
1055	7
1056	4
1057	4
1058	5
1059	6
1060	6
1061	3
1062	5
1063	5
1064	5
1065	9
1066	4
1067	6
1068	9
1069	10
1070	4
1071	6
1072	1
1073	8
1074	5
1075	3
1076	8
1077	4
1078	6
1079	2
1080	9
1081	7
1082	7
1083	6
1084	7
1085	8
1086	5
1087	12
1088	2
1089	2
1090	5
1091	4
1092	5
1093	2
1094	8
1095	4
1096	6
1097	8
1098	4
1099	7
1100	7
1101	2
1102	6
1103	8
1104	5
1105	4
1106	3
1107	7
1108	6
1109	6
1110	7
1111	2
1112	7
1113	6
1114	3
1115	7
1116	6
1117	7
1118	2
1119	3
1120	4
1121	11
1122	4
1123	10
1124	9
1125	5
1126	7
1127	4
1128	3
1129	5
1130	10
1131	8
1132	7
1133	9
1134	8
1135	4
1136	3
1137	8
1138	6
1139	9
1140	6
1141	5
1142	9
1143	10
1144	7
1145	8
1146	8
1147	7
1148	3
1149	7
1150	4
1151	6
1152	2
1153	4
1154	9
1155	14
1156	6
1157	9
1158	5
1159	7
1160	7
1161	7
1162	7
1163	7
1164	8
1165	13
1166	3
1167	4
1168	9
1169	7
1170	2
1171	9
1172	10
1173	7
1174	9
1175	7
1176	8
1177	4
1178	7
1179	9
1180	6
1181	4
1182	7
1183	3
1184	2
1185	6
1186	8
1187	4
1188	5
1189	6
1190	10
1191	8
1192	5
1193	6
1194	6
1195	9
1196	11
1197	4
1198	1
1199	6
1200	3
1201	6
1202	10
1203	7
1204	8
1205	5
1206	7
1207	5
1208	7
1209	6
1210	8
1211	7
1212	8
1213	5
1214	6
1215	12
1216	8
1217	9
1218	6
1219	9
1220	7
1221	6
1222	10
1223	3
1224	4
1225	6
1226	10
1227	6
1228	10
1229	10
1230	6
1231	8
1232	4
1233	6
1234	12
1235	9
1236	8
1237	6
1238	6
1239	6
1240	8
1241	5
1242	4
1243	10
1244	13
1245	6
1246	14
1247	10
1248	2
1249	6
1250	10
1251	5
1252	7
1253	6
1254	9
1255	5
1256	4
1257	18
1258	7
1259	9
1260	4
1261	6
1262	5
1263	7
1264	7
1265	7
1266	6
1267	6
1268	8
1269	5
1270	7
1271	8
1272	5
1273	10
1274	6
1275	6
1276	11
1277	6
1278	3
1279	9
1280	3
1281	7
1282	4
1283	4
1284	5
1285	5
1286	5
1287	3
1288	6
1289	7
1290	6
1291	4
1292	14
1293	6
1294	10
1295	6
1296	2
1297	4
1298	8
1299	7
1300	11
1301	6
1302	5
1303	8
1304	5
1305	7
1306	7
1307	8
1308	7
1309	6
1310	14
1311	8
1312	7
1313	8
1314	5
1315	7
1316	8
1317	3
1318	4
1319	7
1320	7
1321	5
1322	3
1323	5
1324	7
1325	5
1326	6
1327	9
1328	9
1329	10
1330	10
1331	5
1332	4
1333	7
1334	15
1335	5
1336	5
1337	9
1338	8
1339	7
1340	11
1341	7
1342	8
1343	9
1344	3
1345	3
1346	3
1347	9
1348	10
1349	5
1350	7
1351	9
1352	6
1353	5
1354	0
1355	1
1356	7
1357	5
1358	7
1359	4
1360	1
1361	9
1362	4
1363	7
1364	10
1365	3
1366	9
1367	6
1368	7
1369	8
1370	5
1371	11
1372	4
1373	12
1374	3
1375	6
1376	5
1377	4
1378	10
1379	5
1380	6
1381	4
1382	8
1383	8
1384	9
1385	7
1386	8
1387	5
1388	4
1389	10
1390	13
1391	7
1392	8
1393	5
1394	3
1395	14
1396	8
1397	4
1398	9
1399	5
1400	4
1401	6
1402	5
1403	4
1404	6
1405	8
1406	3
1407	14
1408	6
1409	4
1410	9
1411	7
1412	8
1413	4
1414	7
1415	7
1416	4
1417	9
1418	11
1419	6
1420	6
1421	9
1422	6
1423	8
1424	10
1425	7
1426	5
1427	4
1428	5
1429	7
1430	6
1431	5
1432	7
1433	7
1434	6
1435	4
1436	2
1437	7
1438	8
1439	14
1440	9
1441	4
1442	6
1443	3
1444	6
1445	4
1446	7
1447	10
1448	2
1449	6
1450	7
1451	6
1452	8
1453	6
1454	2
1455	9
1456	5
1457	6
1458	5
1459	7
1460	5
1461	5
1462	7
1463	6
1464	10
1465	6
1466	2
1467	6
1468	5
1469	7
1470	6
1471	11
1472	1
1473	4
1474	6
1475	4
1476	8
1477	6
1478	12
1479	1
1480	5
1481	5
1482	7
1483	9
1484	8
1485	7
1486	7
1487	4
1488	9
1489	7
1490	7
1491	8
1492	3
1493	2
1494	2
1495	6
1496	7
1497	14
1498	9
1499	5
1500	11
1501	8
1502	3
1503	6
1504	8
1505	9
1506	8
1507	11
1508	6
1509	3
1510	4
1511	6
1512	5
1513	6
1514	12
1515	6
1516	8
1517	6
1518	8
1519	5
1520	7
1521	4
1522	6
1523	8
1524	6
1525	8
1526	10
1527	6
1528	4
1529	8
1530	6
1531	8
1532	4
1533	6
1534	6
1535	9
1536	3
1537	6
1538	5
1539	6
1540	7
1541	3
1542	8
1543	5
1544	6
1545	5
1546	2
1547	3
1548	12
1549	8
1550	5
1551	8
1552	7
1553	4
1554	9
1555	3
1556	5
1557	4
1558	6
1559	10
1560	7
1561	7
1562	1
1563	6
1564	8
1565	8
1566	9
1567	10
1568	3
1569	1
1570	6
1571	3
1572	8
1573	5
1574	3
1575	10
1576	8
1577	7
1578	4
1579	11
1580	7
1581	3
1582	4
1583	2
1584	7
1585	3
1586	2
1587	6
1588	4
1589	4
1590	8
1591	2
1592	4
1593	8
1594	6
1595	9
1596	5
1597	12
1598	8
1599	2
1600	5
1601	6
1602	3
1603	3
1604	6
1605	4
1606	10
1607	5
1608	5
1609	4
1610	6
1611	6
1612	6
1613	6
1614	4
1615	7
1616	6
1617	3
1618	3
1619	5
1620	4
1621	4
1622	10
1623	5
1624	7
1625	8
1626	2
1627	4
1628	2
1629	6
1630	4
1631	8
1632	4
1633	5
1634	5
1635	5
1636	2
1637	6
1638	9
1639	7
1640	2
1641	9
1642	7
1643	3
1644	7
1645	3
1646	5
1647	6
1648	5
1649	3
1650	6
1651	8
1652	5
1653	8
1654	6
1655	1
1656	5
1657	3
1658	3
1659	7
1660	5
1661	3
1662	6
1663	11
1664	3
1665	7
1666	4
1667	4
1668	3
1669	3
1670	7
1671	3
1672	4
1673	6
1674	4
1675	2
1676	7
1677	6
1678	6
1679	3
1680	4
1681	6
1682	6
1683	4
1684	8
1685	3
1686	11
1687	4
1688	3
1689	12
1690	3
1691	7
1692	6
1693	5
1694	7
1695	8
1696	2
1697	3
1698	5
1699	4
1700	5
1701	4
1702	5
1703	5
1704	2
1705	5
1706	2
1707	4
1708	5
1709	2
1710	4
1711	1
1712	7
1713	9
1714	3
1715	7
1716	5
1717	7
1718	5
1719	2
1720	2
1721	2
1722	1
1723	5
1724	3
1725	6
1726	2
1727	4
1728	7
1729	1
1730	3
1731	3
1732	9
1733	6
1734	8
1735	2
1736	4
1737	4
1738	4
1739	6
1740	8
1741	4
1742	2
1743	5
1744	5
1745	8
1746	8
1747	3
1748	4
1749	5
1750	3
1751	3
1752	3
1753	6
1754	4
1755	6
1756	5
1757	5
1758	3
1759	4
1760	3
1761	5
1762	5
1763	8
1764	6
1765	2
1766	7
1767	9
1768	1
1769	7
1770	9
1771	5
1772	1
1773	5
1774	4
1775	7
1776	3
1777	5
1778	6
1779	1
1780	4
1781	3
1782	4
1783	7
1784	2
1785	3
1786	1
1787	5
1788	3
1789	4
1790	5
1791	5
1792	4
1793	5
1794	7
1795	3
1796	4
1797	6
1798	5
1799	2
1800	6
1801	7
1802	5
1803	4
1804	9
1805	4
1806	11
1807	2
1808	2
1809	5
1810	3
1811	1
1812	5
1813	1
1814	3
1815	3
1816	6
1817	5
1818	2
1819	3
1820	3
1821	2
1822	7
1823	5
1824	2
1825	3
1826	2
1827	4
1828	7
1829	5
1830	6
1831	4
1832	3
1833	3
1834	7
1835	2
1836	6
1837	0
1838	6
1839	2
1840	4
1841	4
1842	4
1843	5
1844	4
1845	5
1846	6
1847	3
1848	5
1849	2
1850	3
1851	4
1852	4
1853	5
1854	1
1855	4
1856	2
1857	4
1858	7
1859	5
1860	4
1861	7
1862	7
1863	3
1864	0
1865	5
1866	3
1867	2
1868	5
1869	2
1870	2
1871	4
1872	3
1873	5
1874	8
1875	6
1876	4
1877	3
1878	9
1879	3
1880	3
1881	5
1882	7
1883	3
1884	9
1885	2
1886	4
1887	2
1888	6
1889	6
1890	5
1891	3
1892	4
1893	1
1894	2
1895	0
1896	5
1897	5
1898	3
1899	4
1900	7
1901	0
1902	5
1903	4
1904	2
1905	7
1906	8
1907	6
1908	9
1909	3
1910	8
1911	3
1912	3
1913	9
1914	5
1915	4
1916	2
1917	6
1918	10
1919	8
1920	4
1921	5
1922	3
1923	3
1924	15
1925	7
1926	12
1927	5
1928	7
1929	10
1930	6
1931	7
1932	9
1933	11
1934	7
1935	9
1936	14
1937	13
1938	13
1939	7
1940	13
1941	16
1942	14
1943	11
1944	11
1945	20
1946	20
1947	19
1948	19
1949	25
1950	23
1951	26
1952	19
1953	28
1954	20
1955	24
1956	33
1957	16
1958	31
1959	25
1960	24
1961	24
1962	23
1963	26
1964	37
1965	29
1966	29
1967	20
1968	34
1969	35
1970	38
1971	37
1972	33
1973	23
1974	37
1975	32
1976	26
1977	29
1978	19
1979	33
1980	31
1981	30
1982	35
1983	32
1984	25
1985	26
1986	30
1987	32
1988	44
1989	26
1990	31
1991	13
1992	16
1993	31
1994	26
1995	24
1996	29
1997	23
1998	15
1999	20
2000	27
2001	20
2002	18
2003	22
2004	21
2005	18
2006	23
2007	13
2008	21
2009	21
2010	14
2011	15
2012	9
2013	14
2014	11
2015	14
2016	12
2017	22
2018	13
2019	11
2020	12
2021	9
2022	13
2023	10
2024	5
2025	15
2026	9
2027	7
2028	5
2029	0
2030	7
2031	5
2032	9
2033	4
2034	4
2035	10
2036	7
2037	5
2038	4
2039	4
2040	8
2041	1
2042	6
2043	1
2044	5
2045	7
2046	1
2047	6
2048	3
2049	3
2050	2
2051	2
2052	3
2053	1
2054	1
2055	1
2056	3
2057	4
2058	0
2059	2
2060	4
2061	1
2062	1
2063	1
2064	4
2065	1
2066	2
2067	2
2068	3
2069	1
2070	2
2071	4
2072	3
2073	6
2074	3
2075	3
2076	1
2077	0
2078	3
2079	3
2080	1
2081	2
2082	1
2083	4
2084	5
2085	3
2086	2
2087	3
2088	0
2089	5
2090	1
2091	3
2092	3
2093	3
2094	1
2095	4
2096	0
2097	4
2098	2
2099	5
2100	3
2101	1
2102	1
2103	1
2104	1
2105	1
2106	1
2107	2
2108	1
2109	3
2110	2
2111	2
2112	2
2113	4
2114	3
2115	0
2116	0
2117	2
2118	6
2119	1
2120	2
2121	2
2122	2
2123	3
2124	3
2125	3
2126	4
2127	3
2128	0
2129	5
2130	2
2131	2
2132	1
2133	0
2134	1
2135	5
2136	3
2137	5
2138	1
2139	3
2140	5
2141	3
2142	0
2143	1
2144	0
2145	2
2146	1
2147	4
2148	2
2149	2
2150	0
2151	2
2152	1
2153	2
2154	4
2155	5
2156	1
2157	3
2158	3
2159	4
2160	2
2161	1
2162	1
2163	1
2164	2
2165	2
2166	4
2167	5
2168	1
2169	1
2170	2
2171	1
2172	5
2173	4
2174	0
2175	2
2176	1
2177	1
2178	1
2179	1
2180	0
2181	2
2182	3
2183	3
2184	2
2185	3
2186	3
2187	2
2188	2
2189	1
2190	5
2191	1
2192	2
2193	2
2194	6
2195	4
2196	6
2197	5
2198	2
2199	2
2200	5
2201	3
2202	1
2203	5
2204	3
2205	5
2206	4
2207	8
2208	2
2209	4
2210	3
2211	6
2212	5
2213	5
2214	9
2215	9
2216	6
2217	4
2218	2
2219	1
2220	6
2221	4
2222	3
2223	4
2224	6
2225	5
2226	6
2227	6
2228	4
2229	2
2230	6
2231	5
2232	7
2233	4
2234	2
2235	9
2236	8
2237	2
2238	7
2239	6
2240	2
2241	4
2242	6
2243	8
2244	6
2245	2
2246	11
2247	6
2248	9
2249	7
2250	6
2251	12
2252	13
2253	2
2254	10
2255	4
2256	6
2257	5
2258	10
2259	7
2260	5
2261	2
2262	6
2263	1
2264	5
2265	5
2266	1
2267	3
2268	5
2269	4
2270	7
2271	6
2272	5
2273	5
2274	3
2275	5
2276	1
2277	7
2278	3
2279	6
2280	5
2281	4
2282	5
2283	2
2284	3
2285	1
2286	6
2287	5
2288	4
2289	0
2290	2
2291	2
2292	2
2293	1
2294	2
2295	2
2296	3
2297	5
2298	0
2299	1
2300	3
2301	4
2302	2
2303	2
2304	3
2305	2
2306	1
2307	2
2308	2
2309	0
2310	1
2311	0
2312	2
2313	0
2314	0
2315	4
2316	4
2317	1
2318	2
2319	4
2320	1
2321	0
2322	3
2323	1
2324	1
2325	0
2326	2
2327	2
2328	3
2329	0
2330	1
2331	1
2332	0
2333	2
2334	2
2335	2
2336	4
2337	1
2338	2
2339	1
2340	1
2341	1
2342	0
2343	2
2344	0
2345	0
2346	2
2347	3
2348	1
2349	2
2350	2
2351	1
2352	0
2353	3
2354	0
2355	1
2356	1
2357	1
2358	1
2359	0
2360	1
2361	1
2362	0
2363	1
2364	1
2365	0
2366	0
2367	0
2368	1
2369	1
2370	0
2371	0
2372	0
2373	0
2374	3
2375	2
2376	3
2377	2
2378	1
2379	2
2380	3
2381	2
2382	1
2383	2
2384	4
2385	0
2386	4
2387	4
2388	1
2389	1
2390	2
2391	1
2392	0
2393	0
2394	1
2395	2
2396	2
2397	0
2398	0
2399	2
2400	2
2401	2
2402	0
2403	1
2404	0
2405	2
2406	4
2407	0
2408	0
2409	0
2410	0
2411	0
2412	0
2413	3
2414	1
2415	0
2416	1
2417	2
2418	2
2419	2
2420	2
2421	0
2422	1
2423	2
2424	0
2425	3
2426	0
2427	1
2428	1
2429	2
2430	3
2431	1
2432	1
2433	1
2434	3
2435	0
2436	1
2437	1
2438	2
2439	2
2440	3
2441	2
2442	1
2443	1
2444	0
2445	1
2446	0
2447	0
2448	2
2449	1
2450	2
2451	2
2452	1
2453	1
2454	0
2455	0
2456	2
2457	3
2458	1
2459	1
2460	0
2461	1
2462	1
2463	0
2464	0
2465	1
2466	1
2467	2
2468	0
2469	1
2470	0
2471	0
2472	1
2473	3
2474	5
2475	3
2476	0
2477	0
2478	0
2479	2
2480	1
2481	5
2482	1
2483	1
2484	1
2485	1
2486	1
2487	0
2488	2
2489	3
2490	2
2491	1
2492	0
2493	4
2494	2
2495	2
2496	0
2497	3
2498	1
2499	1
2500	4
2501	0
2502	4
2503	0
2504	2
2505	2
2506	0
2507	1
2508	1
2509	1
2510	2
2511	1
2512	1
2513	3
2514	2
2515	0
2516	1
2517	1
2518	0
2519	0
2520	1
2521	3
2522	1
2523	1
2524	1
2525	3
2526	2
2527	0
2528	4
2529	2
2530	1
2531	0
2532	1
2533	2
2534	0
2535	2
2536	1
2537	2
2538	2
2539	0
2540	0
2541	2
2542	1
2543	0
2544	2
2545	2
2546	3
2547	1
2548	0
2549	0
2550	5
2551	1
2552	0
2553	1
2554	1
2555	2
2556	1
2557	5
2558	1
2559	1
2560	0
2561	2
2562	3
2563	1
2564	1
2565	4
2566	0
2567	4
2568	3
2569	2
2570	0
2571	2
2572	1
2573	0
2574	0
2575	1
2576	2
2577	1
2578	2
2579	0
2580	2
2581	2
2582	2
2583	1
2584	2
2585	2
2586	0
2587	3
2588	1
2589	3
2590	2
2591	1
2592	0
2593	2
2594	1
2595	0
2596	2
2597	1
2598	2
2599	1
2600	0
2601	1
2602	1
2603	0
2604	2
2605	2
2606	0
2607	0
2608	0
2609	1
2610	0
2611	2
2612	0
2613	2
2614	2
2615	2
2616	1
2617	1
2618	0
2619	1
2620	0
2621	0
2622	1
2623	1
2624	1
2625	2
2626	0
2627	0
2628	0
2629	1
2630	1
2631	1
2632	1
2633	2
2634	0
2635	0
2636	0
2637	1
2638	0
2639	1
2640	0
2641	0
2642	2
2643	0
2644	1
2645	0
2646	2
2647	0
2648	1
2649	1
2650	1
2651	0
2652	0
2653	1
2654	2
2655	1
2656	1
2657	0
2658	1
2659	0
2660	0
2661	1
2662	2
2663	0
2664	1
2665	4
2666	1
2667	1
2668	2
2669	0
2670	0
2671	0
2672	1
2673	1
2674	0
2675	1
2676	0
2677	0
2678	0
2679	1
2680	0
2681	0
2682	2
2683	2
2684	0
2685	0
2686	1
2687	0
2688	1
2689	1
2690	0
2691	3
2692	0
2693	0
2694	1
2695	0
2696	1
2697	0
2698	0
2699	1
2700	4
2701	0
2702	0
2703	0
2704	1
2705	0
2706	0
2707	1
2708	1
2709	0
2710	2
2711	0
2712	1
2713	1
2714	1
2715	2
2716	0
2717	0
2718	0
2719	1
2720	0
2721	0
2722	0
2723	0
2724	0
2725	0
2726	1
2727	1
2728	1
2729	1
2730	0
2731	0
2732	1
2733	1
2734	0
2735	0
2736	0
2737	2
2738	0
2739	0
2740	1
2741	0
2742	0
2743	0
2744	0
2745	0
2746	0
2747	1
2748	0
2749	0
2750	0
2751	2
2752	1
2753	0
2754	3
2755	1
2756	0
2757	1
2758	2
2759	0
2760	1
2761	0
2762	0
2763	1
2764	3
2765	0
2766	1
2767	1
2768	0
2769	2
2770	1
2771	1
2772	1
2773	0
2774	0
2775	1
2776	1
2777	0
2778	0
2779	2
2780	1
2781	2
2782	0
2783	3
2784	0
2785	2
2786	0
2787	1
2788	1
2789	2
2790	1
2791	1
2792	0
2793	0
2794	3
2795	1
2796	0
2797	1
2798	0
2799	0
2800	1
2801	0
2802	1
2803	3
2804	1
2805	1
2806	1
2807	1
2808	0
2809	0
2810	0
2811	0
2812	0
2813	0
2814	1
2815	2
2816	1
2817	1
2818	0
2819	0
2820	1
2821	0
2822	1
2823	0
2824	1
2825	2
2826	0
2827	1
2828	3
2829	0
2830	0
2831	0
2832	1
2833	0
2834	1
2835	0
2836	0
2837	0
2838	0
2839	0
2840	1
2841	0
2842	0
2843	0
2844	0
2845	3
2846	0
2847	0
2848	1
2849	0
2850	1
2851	0
2852	1
2853	1
2854	1
2855	0
2856	2
2857	0
2858	0
2859	1
2860	0
2861	0
2862	0
2863	1
2864	2
2865	0
2866	1
2867	1
2868	1
2869	1
2870	0
2871	0
2872	0
2873	0
2874	0
2875	0
2876	2
2877	1
2878	0
2879	1
2880	0
2881	0
2882	1
2883	0
2884	0
2885	0
2886	0
2887	0
2888	0
2889	0
2890	1
2891	0
2892	1
2893	1
2894	5
2895	0
2896	0
2897	0
2898	1
2899	0
2900	0
2901	0
2902	0
2903	0
2904	1
2905	0
2906	1
2907	0
2908	3
2909	0
2910	0
2911	0
2912	1
2913	1
2914	1
2915	0
2916	1
2917	0
2918	0
2919	0
2920	0
2921	0
2922	0
2923	1
2924	0
2925	0
2926	2
2927	1
2928	1
2929	0
2930	0
2931	0
2932	0
2933	1
2934	0
2935	0
2936	0
2937	0
2938	0
2939	0
2940	1
2941	0
2942	0
2943	0
2944	1
2945	1
2946	0
2947	0
2948	1
2949	0
2950	0
2951	2
2952	1
2953	0
2954	0
2955	1
2956	0
2957	0
2958	0
2959	0
2960	1
2961	1
2962	0
2963	2
2964	0
2965	0
2966	0
2967	0
2968	0
2969	1
2970	0
2971	0
2972	0
2973	0
2974	0
2975	0
2976	0
2977	0
2978	1
2979	0
2980	0
2981	0
2982	1
2983	1
2984	0
2985	1
2986	0
2987	0
2988	0
2989	0
2990	0
2991	0
2992	0
2993	0
2994	0
2995	0
2996	0
2997	0
2998	0
2999	1
3000	0
3001	0
3002	0
3003	0
3004	0
3005	1
3006	2
3007	0
3008	1
3009	0
3010	0
3011	0
3012	1
3013	0
3014	0
3015	1
3016	1
3017	0
3018	0
3019	0
3020	0
3021	2
3022	0
3023	1
3024	0
3025	0
3026	0
3027	0
3028	2
3029	1
3030	0
3031	0
3032	0
3033	1
3034	0
3035	0
3036	0
3037	0
3038	0
3039	0
3040	0
3041	0
3042	0
3043	0
3044	2
3045	1
3046	0
3047	0
3048	0
3049	0
3050	1
3051	0
3052	0
3053	2
3054	0
3055	0
3056	0
3057	0
3058	0
3059	0
3060	1
3061	0
3062	1
3063	0
3064	0
3065	0
3066	3
3067	0
3068	1
3069	0
3070	1
3071	0
3072	1
3073	1
3074	0
3075	1
3076	0
3077	0
3078	0
3079	0
3080	0
3081	0
3082	0
3083	0
3084	0
3085	0
3086	2
3087	0
3088	0
3089	0
3090	0
3091	0
3092	0
3093	0
3094	0
3095	0
3096	1
3097	1
3098	0
3099	0
3100	1
3101	1
3102	0
3103	0
3104	0
3105	1
3106	0
3107	1
3108	0
3109	0
3110	1
3111	0
3112	0
3113	0
3114	1
3115	0
3116	1
3117	0
3118	1
3119	0
3120	1
3121	1
3122	1
3123	0
3124	0
3125	1
3126	1
3127	0
3128	1
3129	0
3130	0
3131	2
3132	1
3133	0
3134	0
3135	0
3136	0
3137	0
3138	0
3139	0
3140	0
3141	1
3142	1
3143	0
3144	0
3145	0
3146	0
3147	0
3148	0
3149	0
3150	0
3151	0
3152	0
3153	2
3154	0
3155	0
3156	0
3157	0
3158	0
3159	0
3160	0
3161	2
3162	1
3163	1
3164	0
3165	1
3166	1
3167	0
3168	0
3169	0
3170	0
3171	0
3172	0
3173	1
3174	2
3175	2
3176	1
3177	0
3178	0
3179	1
3180	1
3181	0
3182	0
3183	0
3184	0
3185	1
3186	0
3187	2
3188	0
3189	0
3190	0
3191	0
3192	0
3193	0
3194	1
3195	0
3196	1
3197	0
3198	1
3199	0
3200	0
3201	0
3202	0
3203	0
3204	3
3205	0
3206	0
3207	1
3208	0
3209	0
3210	0
3211	0
3212	0
3213	0
3214	0
3215	0
3216	0
3217	1
3218	1
3219	1
3220	0
3221	0
3222	1
3223	0
3224	1
3225	1
3226	0
3227	0
3228	0
3229	0
3230	0
3231	0
3232	0
3233	0
3234	0
3235	0
3236	0
3237	0
3238	0
3239	0
3240	0
3241	1
3242	1
3243	0
3244	1
3245	0
3246	0
3247	0
3248	0
3249	0
3250	0
3251	0
3252	0
3253	0
3254	1
3255	0
3256	0
3257	0
3258	0
3259	2
3260	1
3261	3
3262	0
3263	0
3264	0
3265	0
3266	1
3267	0
3268	0
3269	0
3270	1
3271	0
3272	1
3273	0
3274	1
3275	0
3276	1
3277	0
3278	0
3279	0
3280	0
3281	0
3282	0
3283	0
3284	0
3285	0
3286	0
3287	0
3288	0
3289	0
3290	0
3291	0
3292	0
3293	0
3294	0
3295	0
3296	0
3297	0
3298	0
3299	0
3300	0
3301	0
3302	1
3303	1
3304	0
3305	0
3306	0
3307	0
3308	0
3309	0
3310	0
3311	0
3312	0
3313	0
3314	1
3315	0
3316	0
3317	0
3318	0
3319	1
3320	0
3321	0
3322	0
3323	1
3324	1
3325	0
3326	0
3327	0
3328	0
3329	0
3330	1
3331	0
3332	0
3333	0
3334	0
3335	0
3336	0
3337	1
3338	1
3339	0
3340	0
3341	0
3342	0
3343	1
3344	0
3345	0
3346	1
3347	0
3348	0
3349	0
3350	0
3351	0
3352	0
3353	0
3354	0
3355	0
3356	0
3357	0
3358	1
3359	0
3360	0
3361	0
3362	0
3363	0
3364	1
3365	0
3366	0
3367	0
3368	0
3369	0
3370	0
3371	0
3372	1
3373	0
3374	0
3375	0
3376	0
3377	0
3378	0
3379	0
3380	0
3381	0
3382	0
3383	0
3384	0
3385	0
3386	0
3387	1
3388	0
3389	0
3390	0
3391	0
3392	0
3393	0
3394	0
3395	1
3396	0
3397	1
3398	0
3399	0
3400	0
3401	0
3402	0
3403	0
3404	0
3405	0
3406	0
3407	0
3408	1
3409	1
3410	0
3411	0
3412	0
3413	0
3414	1
3415	0
3416	0
3417	1
3418	0
3419	0
3420	0
3421	0
3422	0
3423	0
3424	1
3425	1
3426	0
3427	1
3428	0
3429	0
3430	0
3431	1
3432	0
3433	0
3434	0
3435	0
3436	0
3437	0
3438	0
3439	0
3440	0
3441	0
3442	0
3443	0
3444	0
3445	0
3446	0
3447	0
3448	0
3449	1
3450	0
3451	0
3452	0
3453	0
3454	0
3455	0
3456	0
3457	0
3458	0
3459	0
3460	2
3461	0
3462	0
3463	0
3464	2
3465	0
3466	0
3467	0
3468	0
3469	0
3470	0
3471	0
3472	1
3473	0
3474	1
3475	0
3476	0
3477	0
3478	0
3479	0
3480	0
3481	0
3482	1
3483	0
3484	0
3485	0
3486	0
3487	0
3488	0
3489	1
3490	0
3491	0
3492	0
3493	0
3494	0
3495	0
3496	0
3497	0
3498	0
3499	0
3500	1
3501	0
3502	0
3503	0
3504	0
3505	0
3506	0
3507	0
3508	0
3509	0
3510	0
3511	0
3512	0
3513	0
3514	1
3515	0
3516	0
3517	0
3518	1
3519	0
3520	0
3521	0
3522	0
3523	1
3524	0
3525	0
3526	0
3527	0
3528	0
3529	0
3530	0
3531	0
3532	0
3533	0
3534	0
3535	0
3536	0
3537	0
3538	0
3539	0
3540	0
3541	1
3542	0
3543	0
3544	0
3545	0
3546	0
3547	0
3548	0
3549	0
3550	1
3551	0
3552	0
3553	1
3554	0
3555	0
3556	0
3557	0
3558	2
3559	0
3560	0
3561	0
3562	0
3563	0
3564	0
3565	0
3566	1
3567	0
3568	1
3569	0
3570	0
3571	0
3572	0
3573	0
3574	0
3575	0
3576	0
3577	0
3578	0
3579	0
3580	0
3581	1
3582	0
3583	0
3584	0
3585	0
3586	0
3587	0
3588	1
3589	0
3590	0
3591	0
3592	0
3593	0
3594	0
3595	0
3596	0
3597	0
3598	0
3599	0
3600	0
3601	0
3602	0
3603	0
3604	0
3605	0
3606	2
3607	0
3608	0
3609	1
3610	1
3611	0
3612	0
3613	0
3614	1
3615	0
3616	0
3617	0
3618	0
3619	1
3620	0
3621	0
3622	0
3623	0
3624	0
3625	0
3626	0
3627	0
3628	0
3629	0
3630	0
3631	0
3632	0
3633	1
3634	0
3635	0
3636	0
3637	0
3638	0
3639	0
3640	0
3641	0
3642	0
3643	0
3644	0
3645	0
3646	0
3647	0
3648	0
3649	1
3650	0
3651	0
3652	0
3653	1
3654	0
3655	0
3656	0
3657	0
3658	0
3659	0
3660	0
3661	0
3662	0
3663	0
3664	0
3665	0
3666	0
3667	0
3668	0
3669	0
3670	0
3671	0
3672	0
3673	0
3674	1
3675	0
3676	0
3677	0
3678	0
3679	0
3680	0
3681	0
3682	0
3683	0
3684	0
3685	0
3686	0
3687	0
3688	1
3689	0
3690	0
3691	1
3692	0
3693	0
3694	0
3695	0
3696	1
3697	0
3698	0
3699	0
3700	0
3701	0
3702	1
3703	0
3704	0
3705	0
3706	0
3707	1
3708	0
3709	0
3710	0
3711	0
3712	0
3713	0
3714	0
3715	0
3716	1
3717	0
3718	0
3719	0
3720	2
3721	0
3722	0
3723	0
3724	0
3725	0
3726	0
3727	0
3728	0
3729	0
3730	0
3731	0
3732	0
3733	0
3734	0
3735	1
3736	0
3737	0
3738	0
3739	0
3740	0
3741	0
3742	0
3743	0
3744	0
3745	0
3746	0
3747	1
3748	0
3749	0
3750	0
3751	0
3752	0
3753	0
3754	0
3755	0
3756	0
3757	0
3758	0
3759	0
3760	0
3761	0
3762	0
3763	0
3764	0
3765	0
3766	0
3767	0
3768	0
3769	0
3770	0
3771	0
3772	0
3773	0
3774	0
3775	0
3776	0
3777	0
3778	0
3779	0
3780	0
3781	0
3782	0
3783	0
3784	0
3785	0
3786	0
3787	0
3788	0
3789	0
3790	1
3791	0
3792	0
3793	0
3794	0
3795	0
3796	0
3797	0
3798	0
3799	0
3800	0
3801	0
3802	0
3803	0
3804	0
3805	0
3806	1
3807	0
3808	0
3809	0
3810	0
3811	0
3812	0
3813	0
3814	0
3815	0
3816	0
3817	0
3818	0
3819	0
3820	0
3821	0
3822	0
3823	0
3824	0
3825	0
3826	0
3827	0
3828	0
3829	0
3830	0
3831	0
3832	0
3833	0
3834	0
3835	0
3836	0
3837	0
3838	0
3839	0
3840	0
3841	0
3842	0
3843	0
3844	0
3845	0
3846	0
3847	0
3848	0
3849	0
3850	0
3851	0
3852	0
3853	0
3854	1
3855	0
3856	0
3857	1
3858	0
3859	1
3860	0
3861	0
3862	0
3863	0
3864	0
3865	0
3866	0
3867	0
3868	0
3869	0
3870	0
3871	0
3872	0
3873	0
3874	0
3875	0
3876	0
3877	0
3878	0
3879	0
3880	0
3881	0
3882	0
3883	0
3884	0
3885	0
3886	0
3887	0
3888	0
3889	0
3890	0
3891	0
3892	0
3893	0
3894	0
3895	0
3896	0
3897	0
3898	0
3899	0
3900	0
3901	0
3902	0
3903	0
3904	0
3905	0
3906	0
3907	0
3908	0
3909	0
3910	0
3911	1
3912	0
3913	1
3914	0
3915	0
3916	0
3917	0
3918	0
3919	0
3920	0
3921	0
3922	0
3923	0
3924	0
3925	0
3926	0
3927	0
3928	0
3929	0
3930	0
3931	0
3932	0
3933	0
3934	0
3935	0
3936	0
3937	0
3938	0
3939	0
3940	0
3941	0
3942	0
3943	0
3944	0
3945	0
3946	0
3947	0
3948	0
3949	0
3950	0
3951	0
3952	0
3953	0
3954	0
3955	0
3956	0
3957	0
3958	0
3959	0
3960	0
3961	0
3962	0
3963	0
3964	0
3965	0
3966	0
3967	0
3968	0
3969	0
3970	0
3971	0
3972	0
3973	0
3974	0
3975	0
3976	0
3977	0
3978	0
3979	0
3980	0
3981	0
3982	0
3983	1
3984	0
3985	0
3986	0
3987	0
3988	0
3989	0
3990	0
3991	0
3992	0
3993	0
3994	0
3995	0
3996	0
3997	0
3998	0
3999	0
4000	0
