Channel number	Impulses
Channel/#	Impulses/#

0	0
1	0
2	0
3	0
4	0
5	0
6	0
7	0
8	0
9	0
10	0
11	0
12	0
13	0
14	0
15	0
16	0
17	0
18	0
19	0
20	0
21	0
22	0
23	0
24	0
25	0
26	0
27	0
28	0
29	0
30	0
31	0
32	0
33	0
34	0
35	0
36	0
37	0
38	0
39	0
40	0
41	0
42	0
43	0
44	0
45	0
46	0
47	0
48	0
49	0
50	0
51	0
52	0
53	0
54	0
55	0
56	0
57	0
58	0
59	2
60	1
61	0
62	1
63	1
64	1
65	1
66	2
67	2
68	0
69	1
70	1
71	6
72	0
73	2
74	0
75	2
76	0
77	0
78	4
79	0
80	1
81	1
82	3
83	2
84	0
85	0
86	0
87	0
88	1
89	1
90	0
91	3
92	3
93	1
94	3
95	1
96	0
97	1
98	1
99	2
100	2
101	4
102	2
103	2
104	1
105	3
106	1
107	3
108	1
109	0
110	3
111	2
112	1
113	3
114	3
115	2
116	2
117	3
118	1
119	1
120	3
121	3
122	1
123	0
124	0
125	2
126	1
127	1
128	0
129	2
130	1
131	1
132	0
133	2
134	1
135	3
136	2
137	2
138	2
139	1
140	3
141	1
142	2
143	3
144	1
145	2
146	5
147	0
148	0
149	0
150	2
151	0
152	1
153	3
154	3
155	2
156	1
157	2
158	2
159	0
160	1
161	1
162	1
163	1
164	2
165	1
166	1
167	1
168	1
169	0
170	0
171	0
172	2
173	1
174	0
175	0
176	3
177	3
178	1
179	0
180	0
181	1
182	2
183	3
184	1
185	1
186	1
187	0
188	1
189	2
190	1
191	1
192	1
193	1
194	3
195	2
196	0
197	1
198	2
199	3
200	1
201	4
202	1
203	1
204	0
205	2
206	2
207	3
208	1
209	2
210	3
211	3
212	2
213	2
214	4
215	2
216	4
217	0
218	5
219	3
220	1
221	1
222	1
223	2
224	2
225	1
226	2
227	0
228	2
229	0
230	0
231	2
232	1
233	2
234	1
235	3
236	3
237	2
238	2
239	1
240	0
241	0
242	0
243	1
244	0
245	3
246	3
247	1
248	1
249	0
250	2
251	1
252	1
253	2
254	0
255	2
256	0
257	1
258	1
259	1
260	0
261	2
262	2
263	0
264	1
265	1
266	1
267	0
268	1
269	1
270	2
271	0
272	3
273	0
274	2
275	0
276	1
277	2
278	2
279	1
280	0
281	1
282	2
283	1
284	5
285	1
286	1
287	2
288	0
289	0
290	0
291	0
292	0
293	2
294	0
295	1
296	2
297	3
298	3
299	0
300	4
301	6
302	1
303	1
304	1
305	1
306	0
307	2
308	1
309	0
310	3
311	2
312	1
313	1
314	5
315	2
316	0
317	0
318	1
319	2
320	0
321	1
322	2
323	0
324	1
325	0
326	2
327	1
328	1
329	1
330	2
331	5
332	0
333	4
334	1
335	1
336	1
337	3
338	2
339	1
340	3
341	2
342	5
343	1
344	2
345	1
346	2
347	0
348	4
349	2
350	0
351	6
352	4
353	5
354	4
355	5
356	4
357	1
358	6
359	3
360	6
361	6
362	7
363	5
364	10
365	6
366	9
367	7
368	11
369	10
370	11
371	6
372	11
373	6
374	14
375	4
376	19
377	18
378	11
379	16
380	12
381	10
382	19
383	22
384	12
385	15
386	27
387	16
388	26
389	22
390	37
391	27
392	37
393	30
394	29
395	26
396	25
397	19
398	37
399	24
400	36
401	27
402	34
403	30
404	40
405	22
406	55
407	22
408	29
409	30
410	29
411	32
412	36
413	32
414	35
415	42
416	19
417	30
418	35
419	30
420	32
421	23
422	30
423	22
424	25
425	27
426	21
427	17
428	29
429	33
430	25
431	18
432	22
433	27
434	27
435	26
436	24
437	16
438	24
439	18
440	15
441	20
442	15
443	19
444	15
445	18
446	21
447	20
448	13
449	9
450	12
451	14
452	15
453	5
454	11
455	12
456	10
457	16
458	13
459	11
460	17
461	4
462	16
463	12
464	7
465	11
466	13
467	15
468	7
469	14
470	15
471	2
472	9
473	8
474	7
475	6
476	6
477	8
478	4
479	5
480	2
481	2
482	8
483	10
484	3
485	4
486	3
487	4
488	5
489	5
490	3
491	2
492	6
493	4
494	6
495	4
496	4
497	5
498	5
499	1
500	4
501	1
502	2
503	2
504	5
505	5
506	2
507	0
508	7
509	5
510	2
511	3
512	1
513	0
514	0
515	3
516	1
517	2
518	2
519	1
520	4
521	1
522	0
523	2
524	5
525	0
526	3
527	1
528	2
529	3
530	1
531	4
532	3
533	2
534	4
535	0
536	4
537	7
538	1
539	1
540	4
541	5
542	2
543	4
544	1
545	1
546	4
547	3
548	0
549	4
550	2
551	2
552	2
553	5
554	2
555	6
556	3
557	1
558	1
559	2
560	2
561	3
562	5
563	8
564	4
565	3
566	7
567	4
568	5
569	4
570	3
571	4
572	6
573	6
574	7
575	7
576	3
577	8
578	9
579	7
580	12
581	14
582	18
583	9
584	17
585	12
586	20
587	19
588	22
589	24
590	13
591	21
592	20
593	27
594	24
595	43
596	41
597	42
598	57
599	39
600	52
601	52
602	56
603	31
604	63
605	54
606	76
607	83
608	67
609	88
610	84
611	79
612	119
613	89
614	140
615	115
616	94
617	144
618	105
619	114
620	143
621	122
622	151
623	135
624	100
625	143
626	144
627	170
628	166
629	118
630	171
631	147
632	132
633	156
634	131
635	163
636	183
637	134
638	201
639	244
640	60
641	124
642	161
643	122
644	159
645	105
646	149
647	110
648	164
649	134
650	128
651	107
652	142
653	102
654	119
655	92
656	92
657	95
658	95
659	80
660	96
661	76
662	96
663	59
664	70
665	70
666	56
667	63
668	60
669	41
670	61
671	69
672	26
673	32
674	46
675	34
676	39
677	37
678	44
679	28
680	33
681	30
682	27
683	26
684	42
685	25
686	22
687	18
688	33
689	31
690	29
691	23
692	28
693	25
694	24
695	22
696	13
697	28
698	23
699	32
700	28
701	22
702	30
703	44
704	17
705	26
706	30
707	33
708	23
709	22
710	35
711	13
712	22
713	37
714	23
715	24
716	28
717	24
718	41
719	24
720	29
721	22
722	35
723	32
724	30
725	19
726	18
727	20
728	20
729	25
730	31
731	21
732	28
733	12
734	22
735	29
736	18
737	16
738	20
739	14
740	14
741	16
742	16
743	11
744	16
745	15
746	10
747	10
748	9
749	9
750	14
751	5
752	7
753	8
754	7
755	9
756	8
757	7
758	7
759	7
760	1
761	5
762	4
763	5
764	4
765	4
766	1
767	5
768	4
769	1
770	0
771	1
772	3
773	4
774	4
775	1
776	2
777	4
778	2
779	5
780	2
781	0
782	2
783	3
784	0
785	3
786	5
787	2
788	3
789	0
790	3
791	0
792	2
793	0
794	2
795	4
796	5
797	0
798	2
799	5
800	3
801	2
802	4
803	2
804	1
805	2
806	1
807	1
808	5
809	2
810	5
811	2
812	2
813	0
814	1
815	4
816	4
817	4
818	1
819	2
820	2
821	2
822	2
823	0
824	4
825	7
826	3
827	5
828	2
829	0
830	3
831	1
832	0
833	4
834	1
835	4
836	4
837	1
838	2
839	0
840	9
841	8
842	5
843	3
844	8
845	3
846	1
847	5
848	5
849	4
850	8
851	2
852	12
853	6
854	6
855	5
856	2
857	8
858	4
859	4
860	4
861	3
862	11
863	8
864	5
865	11
866	8
867	11
868	10
869	12
870	7
871	13
872	13
873	9
874	7
875	9
876	18
877	14
878	14
879	22
880	21
881	21
882	14
883	21
884	21
885	15
886	24
887	21
888	23
889	32
890	23
891	17
892	28
893	23
894	20
895	40
896	14
897	23
898	30
899	16
900	28
901	25
902	35
903	31
904	32
905	26
906	22
907	20
908	36
909	17
910	26
911	22
912	23
913	28
914	20
915	25
916	31
917	18
918	28
919	24
920	19
921	30
922	16
923	16
924	13
925	15
926	10
927	22
928	11
929	13
930	17
931	14
932	10
933	12
934	13
935	8
936	11
937	15
938	14
939	9
940	15
941	7
942	7
943	6
944	8
945	8
946	9
947	8
948	9
949	7
950	11
951	3
952	6
953	4
954	7
955	2
956	5
957	5
958	4
959	4
960	1
961	1
962	2
963	4
964	3
965	5
966	2
967	0
968	6
969	3
970	3
971	3
972	4
973	1
974	4
975	2
976	3
977	4
978	5
979	1
980	2
981	3
982	4
983	1
984	3
985	8
986	3
987	5
988	4
989	4
990	4
991	3
992	2
993	3
994	5
995	5
996	4
997	0
998	6
999	3
1000	6
1001	5
1002	8
1003	3
1004	2
1005	2
1006	4
1007	3
1008	5
1009	4
1010	7
1011	3
1012	9
1013	4
1014	8
1015	2
1016	7
1017	3
1018	6
1019	5
1020	8
1021	4
1022	12
1023	13
1024	1
1025	3
1026	6
1027	5
1028	10
1029	1
1030	1
1031	3
1032	4
1033	4
1034	4
1035	2
1036	3
1037	4
1038	6
1039	5
1040	5
1041	2
1042	5
1043	5
1044	3
1045	2
1046	2
1047	7
1048	3
1049	6
1050	4
1051	6
1052	6
1053	1
1054	3
1055	2
1056	1
1057	4
1058	7
1059	0
1060	3
1061	2
1062	3
1063	5
1064	3
1065	5
1066	3
1067	3
1068	2
1069	1
1070	2
1071	1
1072	3
1073	2
1074	0
1075	3
1076	0
1077	3
1078	4
1079	3
1080	3
1081	2
1082	1
1083	2
1084	2
1085	2
1086	0
1087	2
1088	2
1089	2
1090	2
1091	3
1092	4
1093	4
1094	5
1095	1
1096	0
1097	3
1098	3
1099	0
1100	4
1101	5
1102	5
1103	2
1104	0
1105	4
1106	1
1107	1
1108	2
1109	2
1110	1
1111	4
1112	4
1113	4
1114	3
1115	1
1116	1
1117	1
1118	2
1119	6
1120	2
1121	1
1122	2
1123	2
1124	3
1125	1
1126	4
1127	3
1128	5
1129	6
1130	0
1131	3
1132	3
1133	3
1134	1
1135	3
1136	4
1137	2
1138	1
1139	1
1140	1
1141	2
1142	2
1143	2
1144	5
1145	5
1146	3
1147	3
1148	6
1149	1
1150	3
1151	8
1152	2
1153	5
1154	5
1155	3
1156	3
1157	0
1158	2
1159	4
1160	3
1161	2
1162	1
1163	4
1164	1
1165	1
1166	3
1167	1
1168	3
1169	2
1170	1
1171	5
1172	0
1173	1
1174	2
1175	2
1176	1
1177	4
1178	0
1179	2
1180	3
1181	2
1182	1
1183	5
1184	2
1185	2
1186	1
1187	1
1188	1
1189	1
1190	5
1191	1
1192	3
1193	2
1194	1
1195	1
1196	1
1197	2
1198	0
1199	1
1200	5
1201	3
1202	1
1203	0
1204	0
1205	0
1206	2
1207	2
1208	4
1209	2
1210	2
1211	2
1212	0
1213	3
1214	3
1215	2
1216	2
1217	2
1218	3
1219	1
1220	3
1221	3
1222	1
1223	2
1224	1
1225	0
1226	1
1227	1
1228	2
1229	4
1230	0
1231	4
1232	5
1233	2
1234	3
1235	4
1236	0
1237	3
1238	4
1239	2
1240	2
1241	1
1242	0
1243	3
1244	3
1245	2
1246	2
1247	8
1248	0
1249	1
1250	1
1251	1
1252	0
1253	0
1254	1
1255	1
1256	2
1257	6
1258	0
1259	2
1260	8
1261	4
1262	0
1263	0
1264	0
1265	5
1266	1
1267	4
1268	3
1269	1
1270	6
1271	4
1272	2
1273	2
1274	3
1275	2
1276	2
1277	2
1278	1
1279	1
1280	0
1281	2
1282	3
1283	2
1284	3
1285	2
1286	3
1287	4
1288	3
1289	2
1290	2
1291	3
1292	3
1293	3
1294	3
1295	2
1296	1
1297	1
1298	0
1299	2
1300	4
1301	1
1302	5
1303	2
1304	1
1305	3
1306	5
1307	2
1308	1
1309	1
1310	2
1311	4
1312	0
1313	0
1314	3
1315	2
1316	4
1317	1
1318	6
1319	4
1320	0
1321	3
1322	4
1323	3
1324	2
1325	1
1326	0
1327	4
1328	2
1329	1
1330	1
1331	3
1332	4
1333	2
1334	3
1335	1
1336	0
1337	2
1338	2
1339	2
1340	1
1341	4
1342	2
1343	2
1344	3
1345	3
1346	4
1347	2
1348	3
1349	2
1350	3
1351	4
1352	3
1353	3
1354	4
1355	1
1356	2
1357	3
1358	4
1359	3
1360	4
1361	5
1362	0
1363	1
1364	4
1365	3
1366	5
1367	2
1368	2
1369	1
1370	2
1371	4
1372	2
1373	1
1374	3
1375	2
1376	5
1377	1
1378	5
1379	3
1380	7
1381	3
1382	6
1383	4
1384	2
1385	5
1386	3
1387	3
1388	4
1389	2
1390	4
1391	1
1392	1
1393	3
1394	1
1395	6
1396	2
1397	3
1398	3
1399	3
1400	2
1401	2
1402	5
1403	2
1404	4
1405	2
1406	4
1407	4
1408	2
1409	4
1410	3
1411	0
1412	3
1413	5
1414	1
1415	7
1416	2
1417	2
1418	2
1419	2
1420	6
1421	4
1422	1
1423	4
1424	5
1425	1
1426	4
1427	6
1428	1
1429	2
1430	6
1431	2
1432	1
1433	3
1434	0
1435	4
1436	7
1437	2
1438	2
1439	4
1440	3
1441	2
1442	1
1443	4
1444	2
1445	3
1446	2
1447	5
1448	1
1449	3
1450	2
1451	2
1452	1
1453	2
1454	3
1455	2
1456	3
1457	3
1458	2
1459	3
1460	3
1461	2
1462	0
1463	1
1464	2
1465	6
1466	0
1467	4
1468	3
1469	0
1470	4
1471	1
1472	1
1473	2
1474	1
1475	3
1476	1
1477	2
1478	6
1479	2
1480	1
1481	1
1482	1
1483	2
1484	3
1485	5
1486	1
1487	3
1488	0
1489	3
1490	0
1491	4
1492	3
1493	0
1494	1
1495	1
1496	1
1497	2
1498	0
1499	1
1500	6
1501	0
1502	1
1503	0
1504	4
1505	3
1506	1
1507	2
1508	5
1509	2
1510	4
1511	3
1512	1
1513	2
1514	1
1515	2
1516	2
1517	2
1518	0
1519	2
1520	2
1521	6
1522	3
1523	1
1524	3
1525	2
1526	2
1527	3
1528	2
1529	4
1530	1
1531	6
1532	2
1533	1
1534	4
1535	3
1536	3
1537	1
1538	2
1539	1
1540	5
1541	0
1542	1
1543	2
1544	4
1545	3
1546	4
1547	1
1548	3
1549	2
1550	5
1551	0
1552	3
1553	2
1554	3
1555	2
1556	5
1557	2
1558	2
1559	3
1560	2
1561	1
1562	3
1563	4
1564	3
1565	5
1566	3
1567	2
1568	1
1569	2
1570	4
1571	4
1572	3
1573	4
1574	4
1575	5
1576	1
1577	7
1578	1
1579	7
1580	2
1581	3
1582	1
1583	1
1584	2
1585	4
1586	5
1587	3
1588	2
1589	2
1590	2
1591	3
1592	2
1593	4
1594	3
1595	3
1596	5
1597	2
1598	3
1599	2
1600	0
1601	4
1602	1
1603	0
1604	3
1605	2
1606	1
1607	3
1608	3
1609	5
1610	0
1611	3
1612	3
1613	0
1614	3
1615	2
1616	1
1617	3
1618	2
1619	2
1620	1
1621	1
1622	3
1623	1
1624	2
1625	7
1626	0
1627	5
1628	4
1629	2
1630	3
1631	0
1632	1
1633	2
1634	0
1635	1
1636	6
1637	1
1638	4
1639	3
1640	2
1641	1
1642	1
1643	1
1644	6
1645	4
1646	1
1647	2
1648	2
1649	3
1650	4
1651	2
1652	2
1653	5
1654	3
1655	3
1656	2
1657	1
1658	4
1659	4
1660	5
1661	2
1662	3
1663	2
1664	1
1665	4
1666	2
1667	2
1668	11
1669	2
1670	2
1671	2
1672	4
1673	1
1674	5
1675	1
1676	2
1677	4
1678	3
1679	2
1680	3
1681	4
1682	2
1683	1
1684	2
1685	1
1686	2
1687	0
1688	4
1689	2
1690	1
1691	1
1692	2
1693	3
1694	3
1695	5
1696	0
1697	5
1698	2
1699	2
1700	3
1701	2
1702	4
1703	0
1704	0
1705	2
1706	1
1707	2
1708	2
1709	4
1710	3
1711	2
1712	2
1713	2
1714	4
1715	2
1716	5
1717	3
1718	4
1719	3
1720	1
1721	0
1722	3
1723	1
1724	1
1725	3
1726	0
1727	4
1728	0
1729	2
1730	8
1731	4
1732	2
1733	4
1734	4
1735	2
1736	4
1737	6
1738	0
1739	3
1740	2
1741	2
1742	0
1743	2
1744	4
1745	2
1746	4
1747	4
1748	3
1749	1
1750	3
1751	6
1752	2
1753	1
1754	3
1755	1
1756	9
1757	6
1758	1
1759	1
1760	5
1761	3
1762	8
1763	3
1764	2
1765	4
1766	1
1767	6
1768	3
1769	4
1770	5
1771	3
1772	8
1773	7
1774	4
1775	2
1776	4
1777	4
1778	3
1779	5
1780	6
1781	2
1782	5
1783	5
1784	4
1785	4
1786	2
1787	3
1788	3
1789	3
1790	3
1791	2
1792	3
1793	1
1794	3
1795	3
1796	4
1797	2
1798	2
1799	2
1800	3
1801	6
1802	2
1803	2
1804	5
1805	5
1806	7
1807	1
1808	9
1809	4
1810	3
1811	3
1812	5
1813	1
1814	3
1815	6
1816	8
1817	4
1818	3
1819	4
1820	2
1821	0
1822	7
1823	1
1824	4
1825	6
1826	4
1827	3
1828	5
1829	1
1830	4
1831	2
1832	3
1833	5
1834	10
1835	1
1836	4
1837	5
1838	6
1839	2
1840	6
1841	6
1842	3
1843	6
1844	4
1845	4
1846	4
1847	8
1848	6
1849	7
1850	2
1851	3
1852	4
1853	1
1854	10
1855	6
1856	3
1857	1
1858	9
1859	9
1860	9
1861	5
1862	5
1863	6
1864	6
1865	8
1866	7
1867	5
1868	11
1869	2
1870	6
1871	6
1872	2
1873	5
1874	12
1875	11
1876	4
1877	6
1878	13
1879	10
1880	10
1881	17
1882	10
1883	14
1884	11
1885	14
1886	11
1887	10
1888	4
1889	4
1890	9
1891	7
1892	16
1893	5
1894	11
1895	6
1896	6
1897	8
1898	15
1899	13
1900	4
1901	12
1902	9
1903	9
1904	9
1905	10
1906	11
1907	11
1908	7
1909	10
1910	10
1911	10
1912	11
1913	13
1914	9
1915	14
1916	4
1917	7
1918	5
1919	10
1920	6
1921	11
1922	4
1923	8
1924	10
1925	5
1926	17
1927	7
1928	15
1929	7
1930	8
1931	9
1932	15
1933	10
1934	4
1935	4
1936	11
1937	6
1938	9
1939	11
1940	9
1941	10
1942	14
1943	8
1944	9
1945	9
1946	8
1947	8
1948	15
1949	7
1950	8
1951	6
1952	8
1953	4
1954	12
1955	11
1956	17
1957	5
1958	11
1959	7
1960	13
1961	9
1962	5
1963	8
1964	15
1965	6
1966	9
1967	5
1968	9
1969	8
1970	17
1971	10
1972	8
1973	4
1974	14
1975	11
1976	8
1977	11
1978	5
1979	14
1980	12
1981	7
1982	13
1983	7
1984	4
1985	13
1986	4
1987	7
1988	9
1989	10
1990	9
1991	4
1992	9
1993	6
1994	9
1995	9
1996	8
1997	10
1998	9
1999	8
2000	9
2001	2
2002	3
2003	2
2004	5
2005	9
2006	7
2007	1
2008	9
2009	7
2010	5
2011	10
2012	3
2013	6
2014	2
2015	5
2016	3
2017	3
2018	2
2019	4
2020	3
2021	4
2022	3
2023	1
2024	4
2025	5
2026	2
2027	5
2028	4
2029	4
2030	1
2031	1
2032	3
2033	3
2034	1
2035	1
2036	3
2037	2
2038	2
2039	1
2040	3
2041	1
2042	3
2043	5
2044	1
2045	3
2046	0
2047	2
2048	0
2049	2
2050	0
2051	2
2052	2
2053	2
2054	3
2055	1
2056	2
2057	1
2058	1
2059	1
2060	2
2061	3
2062	2
2063	4
2064	0
2065	1
2066	3
2067	2
2068	2
2069	0
2070	1
2071	5
2072	1
2073	0
2074	2
2075	1
2076	2
2077	6
2078	2
2079	5
2080	1
2081	1
2082	2
2083	2
2084	2
2085	0
2086	5
2087	1
2088	1
2089	4
2090	1
2091	0
2092	3
2093	2
2094	0
2095	4
2096	3
2097	0
2098	1
2099	0
2100	1
2101	4
2102	2
2103	1
2104	1
2105	3
2106	1
2107	5
2108	4
2109	2
2110	3
2111	2
2112	1
2113	3
2114	3
2115	5
2116	5
2117	2
2118	1
2119	0
2120	2
2121	3
2122	2
2123	3
2124	3
2125	6
2126	6
2127	2
2128	2
2129	3
2130	4
2131	7
2132	3
2133	4
2134	3
2135	2
2136	5
2137	1
2138	2
2139	1
2140	5
2141	8
2142	4
2143	3
2144	2
2145	0
2146	1
2147	1
2148	1
2149	5
2150	8
2151	3
2152	5
2153	6
2154	1
2155	0
2156	5
2157	1
2158	3
2159	1
2160	0
2161	3
2162	3
2163	2
2164	1
2165	2
2166	3
2167	3
2168	3
2169	5
2170	2
2171	4
2172	3
2173	3
2174	7
2175	1
2176	4
2177	2
2178	3
2179	1
2180	2
2181	2
2182	4
2183	1
2184	4
2185	3
2186	2
2187	0
2188	1
2189	4
2190	2
2191	0
2192	3
2193	2
2194	0
2195	5
2196	3
2197	4
2198	3
2199	4
2200	2
2201	3
2202	2
2203	1
2204	0
2205	1
2206	4
2207	2
2208	2
2209	0
2210	0
2211	2
2212	2
2213	1
2214	1
2215	2
2216	2
2217	2
2218	1
2219	1
2220	4
2221	5
2222	3
2223	2
2224	4
2225	2
2226	5
2227	1
2228	1
2229	2
2230	1
2231	2
2232	4
2233	3
2234	0
2235	2
2236	1
2237	1
2238	0
2239	2
2240	2
2241	0
2242	0
2243	1
2244	1
2245	2
2246	5
2247	2
2248	6
2249	2
2250	0
2251	2
2252	1
2253	3
2254	5
2255	0
2256	1
2257	2
2258	5
2259	2
2260	1
2261	4
2262	0
2263	0
2264	1
2265	1
2266	2
2267	3
2268	0
2269	1
2270	1
2271	0
2272	1
2273	3
2274	0
2275	2
2276	1
2277	3
2278	3
2279	0
2280	0
2281	4
2282	1
2283	2
2284	1
2285	0
2286	2
2287	0
2288	1
2289	0
2290	0
2291	2
2292	3
2293	0
2294	2
2295	1
2296	1
2297	1
2298	0
2299	1
2300	0
2301	3
2302	0
2303	3
2304	0
2305	0
2306	1
2307	1
2308	0
2309	0
2310	1
2311	0
2312	1
2313	1
2314	2
2315	1
2316	0
2317	2
2318	1
2319	2
2320	0
2321	0
2322	1
2323	0
2324	1
2325	4
2326	1
2327	0
2328	0
2329	2
2330	1
2331	2
2332	0
2333	2
2334	1
2335	4
2336	1
2337	2
2338	0
2339	0
2340	1
2341	4
2342	0
2343	0
2344	0
2345	2
2346	1
2347	2
2348	1
2349	1
2350	0
2351	1
2352	1
2353	1
2354	0
2355	1
2356	1
2357	2
2358	0
2359	1
2360	1
2361	1
2362	0
2363	1
2364	0
2365	0
2366	0
2367	0
2368	1
2369	3
2370	3
2371	2
2372	1
2373	0
2374	2
2375	2
2376	2
2377	0
2378	1
2379	1
2380	2
2381	1
2382	2
2383	2
2384	0
2385	0
2386	1
2387	2
2388	1
2389	0
2390	1
2391	0
2392	0
2393	1
2394	1
2395	1
2396	0
2397	0
2398	1
2399	1
2400	1
2401	1
2402	5
2403	0
2404	1
2405	0
2406	0
2407	2
2408	1
2409	0
2410	0
2411	1
2412	0
2413	1
2414	1
2415	0
2416	0
2417	0
2418	1
2419	0
2420	0
2421	0
2422	0
2423	0
2424	1
2425	0
2426	0
2427	1
2428	2
2429	1
2430	1
2431	1
2432	0
2433	0
2434	2
2435	1
2436	2
2437	2
2438	1
2439	0
2440	1
2441	1
2442	1
2443	2
2444	0
2445	2
2446	0
2447	2
2448	1
2449	0
2450	1
2451	1
2452	1
2453	1
2454	2
2455	1
2456	1
2457	0
2458	1
2459	2
2460	1
2461	1
2462	0
2463	3
2464	0
2465	2
2466	1
2467	1
2468	2
2469	1
2470	3
2471	2
2472	4
2473	2
2474	2
2475	0
2476	1
2477	1
2478	1
2479	0
2480	3
2481	2
2482	1
2483	0
2484	0
2485	1
2486	0
2487	0
2488	1
2489	2
2490	0
2491	1
2492	1
2493	0
2494	3
2495	1
2496	0
2497	2
2498	2
2499	3
2500	0
2501	2
2502	1
2503	0
2504	1
2505	0
2506	1
2507	1
2508	2
2509	2
2510	1
2511	0
2512	2
2513	1
2514	1
2515	3
2516	0
2517	0
2518	2
2519	1
2520	1
2521	2
2522	0
2523	0
2524	3
2525	1
2526	3
2527	1
2528	1
2529	0
2530	3
2531	0
2532	3
2533	0
2534	2
2535	1
2536	3
2537	1
2538	0
2539	3
2540	0
2541	2
2542	1
2543	0
2544	0
2545	2
2546	2
2547	2
2548	1
2549	1
2550	0
2551	1
2552	1
2553	1
2554	2
2555	0
2556	0
2557	1
2558	3
2559	1
2560	0
2561	1
2562	0
2563	2
2564	5
2565	0
2566	0
2567	0
2568	2
2569	0
2570	1
2571	0
2572	1
2573	1
2574	1
2575	0
2576	2
2577	1
2578	0
2579	1
2580	1
2581	0
2582	3
2583	1
2584	0
2585	2
2586	0
2587	1
2588	2
2589	2
2590	0
2591	0
2592	3
2593	1
2594	0
2595	1
2596	0
2597	0
2598	1
2599	1
2600	0
2601	1
2602	0
2603	1
2604	1
2605	0
2606	0
2607	0
2608	2
2609	0
2610	2
2611	1
2612	2
2613	0
2614	1
2615	0
2616	1
2617	1
2618	0
2619	4
2620	0
2621	1
2622	0
2623	0
2624	3
2625	0
2626	1
2627	1
2628	1
2629	0
2630	2
2631	1
2632	1
2633	0
2634	0
2635	0
2636	0
2637	1
2638	1
2639	2
2640	0
2641	0
2642	2
2643	0
2644	1
2645	0
2646	0
2647	2
2648	1
2649	2
2650	0
2651	1
2652	0
2653	0
2654	0
2655	0
2656	0
2657	0
2658	0
2659	2
2660	2
2661	0
2662	2
2663	0
2664	0
2665	1
2666	0
2667	0
2668	0
2669	3
2670	0
2671	0
2672	0
2673	2
2674	1
2675	0
2676	1
2677	2
2678	0
2679	0
2680	1
2681	0
2682	0
2683	1
2684	2
2685	0
2686	0
2687	0
2688	2
2689	2
2690	0
2691	0
2692	1
2693	0
2694	2
2695	0
2696	1
2697	0
2698	1
2699	0
2700	1
2701	0
2702	0
2703	0
2704	0
2705	1
2706	0
2707	0
2708	0
2709	0
2710	1
2711	0
2712	1
2713	1
2714	0
2715	0
2716	1
2717	1
2718	2
2719	0
2720	0
2721	0
2722	1
2723	1
2724	2
2725	1
2726	0
2727	1
2728	0
2729	0
2730	0
2731	0
2732	1
2733	0
2734	1
2735	0
2736	1
2737	0
2738	0
2739	2
2740	1
2741	1
2742	1
2743	1
2744	1
2745	0
2746	0
2747	0
2748	0
2749	0
2750	3
2751	0
2752	1
2753	1
2754	0
2755	1
2756	0
2757	2
2758	0
2759	0
2760	2
2761	1
2762	0
2763	1
2764	1
2765	1
2766	3
2767	1
2768	1
2769	0
2770	0
2771	3
2772	0
2773	1
2774	0
2775	0
2776	0
2777	0
2778	1
2779	0
2780	1
2781	1
2782	0
2783	0
2784	0
2785	0
2786	1
2787	3
2788	1
2789	0
2790	4
2791	1
2792	0
2793	1
2794	0
2795	0
2796	0
2797	1
2798	0
2799	1
2800	0
2801	1
2802	0
2803	0
2804	0
2805	0
2806	0
2807	2
2808	1
2809	1
2810	1
2811	0
2812	0
2813	1
2814	1
2815	0
2816	1
2817	0
2818	0
2819	2
2820	1
2821	0
2822	3
2823	0
2824	0
2825	1
2826	0
2827	0
2828	2
2829	1
2830	0
2831	2
2832	0
2833	1
2834	0
2835	1
2836	2
2837	0
2838	1
2839	0
2840	0
2841	0
2842	0
2843	0
2844	0
2845	0
2846	1
2847	0
2848	0
2849	1
2850	1
2851	1
2852	1
2853	0
2854	1
2855	0
2856	1
2857	1
2858	1
2859	0
2860	0
2861	1
2862	0
2863	0
2864	0
2865	1
2866	0
2867	1
2868	1
2869	1
2870	0
2871	0
2872	0
2873	0
2874	0
2875	0
2876	2
2877	1
2878	0
2879	0
2880	1
2881	0
2882	3
2883	2
2884	0
2885	0
2886	0
2887	0
2888	0
2889	2
2890	1
2891	0
2892	2
2893	1
2894	1
2895	0
2896	0
2897	2
2898	1
2899	1
2900	1
2901	2
2902	3
2903	1
2904	2
2905	0
2906	0
2907	4
2908	1
2909	0
2910	0
2911	0
2912	0
2913	1
2914	0
2915	0
2916	2
2917	0
2918	2
2919	1
2920	0
2921	0
2922	1
2923	0
2924	0
2925	1
2926	0
2927	0
2928	0
2929	1
2930	0
2931	1
2932	0
2933	1
2934	0
2935	0
2936	0
2937	0
2938	0
2939	0
2940	1
2941	1
2942	0
2943	1
2944	1
2945	1
2946	1
2947	1
2948	0
2949	0
2950	1
2951	1
2952	0
2953	2
2954	0
2955	2
2956	0
2957	0
2958	0
2959	0
2960	1
2961	0
2962	0
2963	1
2964	0
2965	0
2966	0
2967	0
2968	1
2969	2
2970	0
2971	1
2972	0
2973	0
2974	0
2975	0
2976	1
2977	0
2978	0
2979	0
2980	0
2981	1
2982	0
2983	0
2984	0
2985	1
2986	0
2987	0
2988	0
2989	1
2990	1
2991	0
2992	1
2993	0
2994	0
2995	1
2996	0
2997	1
2998	0
2999	1
3000	0
3001	0
3002	1
3003	0
3004	0
3005	0
3006	2
3007	0
3008	0
3009	2
3010	1
3011	0
3012	1
3013	0
3014	0
3015	0
3016	1
3017	2
3018	0
3019	1
3020	0
3021	0
3022	3
3023	2
3024	1
3025	1
3026	0
3027	1
3028	3
3029	1
3030	0
3031	0
3032	1
3033	0
3034	1
3035	0
3036	0
3037	0
3038	0
3039	0
3040	0
3041	0
3042	1
3043	0
3044	1
3045	1
3046	0
3047	0
3048	1
3049	1
3050	0
3051	1
3052	2
3053	1
3054	3
3055	1
3056	1
3057	0
3058	0
3059	0
3060	1
3061	1
3062	1
3063	0
3064	1
3065	1
3066	0
3067	0
3068	1
3069	1
3070	0
3071	0
3072	0
3073	1
3074	0
3075	0
3076	1
3077	1
3078	0
3079	1
3080	1
3081	0
3082	0
3083	1
3084	2
3085	1
3086	2
3087	1
3088	1
3089	0
3090	1
3091	0
3092	2
3093	1
3094	0
3095	0
3096	0
3097	1
3098	0
3099	1
3100	0
3101	0
3102	0
3103	1
3104	0
3105	1
3106	0
3107	1
3108	1
3109	0
3110	0
3111	1
3112	1
3113	0
3114	0
3115	1
3116	0
3117	0
3118	1
3119	0
3120	0
3121	0
3122	0
3123	0
3124	0
3125	1
3126	0
3127	1
3128	0
3129	0
3130	0
3131	0
3132	1
3133	0
3134	1
3135	1
3136	0
3137	1
3138	0
3139	0
3140	0
3141	0
3142	0
3143	0
3144	1
3145	0
3146	0
3147	0
3148	1
3149	0
3150	2
3151	0
3152	0
3153	1
3154	0
3155	1
3156	0
3157	1
3158	1
3159	0
3160	0
3161	0
3162	1
3163	2
3164	0
3165	0
3166	0
3167	0
3168	1
3169	1
3170	1
3171	0
3172	1
3173	1
3174	0
3175	0
3176	0
3177	0
3178	0
3179	0
3180	0
3181	1
3182	0
3183	0
3184	0
3185	2
3186	1
3187	0
3188	0
3189	1
3190	0
3191	0
3192	0
3193	0
3194	0
3195	1
3196	0
3197	0
3198	1
3199	0
3200	0
3201	2
3202	0
3203	1
3204	0
3205	0
3206	0
3207	1
3208	0
3209	0
3210	1
3211	0
3212	0
3213	1
3214	0
3215	0
3216	0
3217	2
3218	0
3219	1
3220	0
3221	0
3222	0
3223	0
3224	1
3225	1
3226	0
3227	1
3228	0
3229	0
3230	0
3231	0
3232	0
3233	0
3234	0
3235	0
3236	0
3237	0
3238	1
3239	0
3240	0
3241	0
3242	1
3243	0
3244	0
3245	0
3246	0
3247	0
3248	0
3249	0
3250	0
3251	1
3252	0
3253	0
3254	0
3255	0
3256	0
3257	1
3258	0
3259	2
3260	0
3261	0
3262	0
3263	0
3264	1
3265	0
3266	0
3267	0
3268	0
3269	0
3270	0
3271	1
3272	0
3273	1
3274	0
3275	0
3276	0
3277	0
3278	0
3279	0
3280	0
3281	2
3282	0
3283	0
3284	0
3285	1
3286	0
3287	0
3288	0
3289	2
3290	0
3291	0
3292	0
3293	0
3294	1
3295	0
3296	0
3297	0
3298	1
3299	0
3300	1
3301	0
3302	0
3303	0
3304	0
3305	1
3306	0
3307	0
3308	0
3309	0
3310	0
3311	1
3312	0
3313	0
3314	1
3315	0
3316	0
3317	0
3318	0
3319	0
3320	0
3321	0
3322	0
3323	0
3324	0
3325	0
3326	0
3327	1
3328	1
3329	0
3330	0
3331	0
3332	0
3333	0
3334	0
3335	0
3336	0
3337	1
3338	0
3339	0
3340	0
3341	2
3342	0
3343	1
3344	0
3345	0
3346	0
3347	1
3348	0
3349	0
3350	0
3351	0
3352	0
3353	0
3354	0
3355	0
3356	0
3357	0
3358	0
3359	0
3360	0
3361	0
3362	0
3363	0
3364	0
3365	0
3366	0
3367	0
3368	0
3369	0
3370	0
3371	0
3372	1
3373	0
3374	0
3375	0
3376	0
3377	1
3378	1
3379	0
3380	0
3381	0
3382	0
3383	0
3384	0
3385	0
3386	0
3387	1
3388	0
3389	0
3390	1
3391	1
3392	0
3393	0
3394	0
3395	1
3396	1
3397	0
3398	0
3399	0
3400	1
3401	2
3402	0
3403	1
3404	0
3405	0
3406	0
3407	1
3408	0
3409	1
3410	0
3411	1
3412	0
3413	0
3414	0
3415	0
3416	2
3417	0
3418	0
3419	1
3420	0
3421	0
3422	0
3423	0
3424	0
3425	0
3426	0
3427	1
3428	0
3429	0
3430	0
3431	0
3432	0
3433	1
3434	0
3435	0
3436	0
3437	1
3438	1
3439	0
3440	2
3441	0
3442	0
3443	1
3444	0
3445	0
3446	0
3447	0
3448	1
3449	0
3450	0
3451	1
3452	0
3453	0
3454	0
3455	0
3456	0
3457	0
3458	0
3459	0
3460	1
3461	0
3462	0
3463	0
3464	0
3465	0
3466	0
3467	0
3468	0
3469	0
3470	0
3471	0
3472	0
3473	0
3474	0
3475	1
3476	0
3477	0
3478	0
3479	0
3480	0
3481	0
3482	0
3483	0
3484	0
3485	0
3486	0
3487	0
3488	0
3489	0
3490	0
3491	1
3492	0
3493	0
3494	0
3495	0
3496	0
3497	1
3498	0
3499	0
3500	0
3501	0
3502	0
3503	0
3504	0
3505	0
3506	0
3507	0
3508	0
3509	0
3510	1
3511	0
3512	0
3513	0
3514	0
3515	0
3516	1
3517	1
3518	0
3519	0
3520	1
3521	0
3522	0
3523	0
3524	0
3525	0
3526	0
3527	0
3528	0
3529	0
3530	1
3531	0
3532	0
3533	0
3534	0
3535	0
3536	0
3537	0
3538	0
3539	0
3540	0
3541	1
3542	0
3543	0
3544	1
3545	0
3546	0
3547	0
3548	0
3549	0
3550	0
3551	0
3552	0
3553	0
3554	0
3555	0
3556	0
3557	0
3558	0
3559	0
3560	0
3561	0
3562	0
3563	0
3564	0
3565	0
3566	0
3567	0
3568	0
3569	0
3570	0
3571	0
3572	0
3573	0
3574	0
3575	0
3576	0
3577	0
3578	0
3579	0
3580	0
3581	0
3582	0
3583	0
3584	0
3585	0
3586	0
3587	0
3588	0
3589	0
3590	1
3591	0
3592	0
3593	0
3594	0
3595	0
3596	0
3597	0
3598	0
3599	0
3600	0
3601	0
3602	1
3603	0
3604	0
3605	0
3606	0
3607	0
3608	0
3609	0
3610	0
3611	0
3612	0
3613	0
3614	1
3615	0
3616	0
3617	0
3618	0
3619	0
3620	0
3621	0
3622	0
3623	0
3624	0
3625	0
3626	0
3627	0
3628	0
3629	0
3630	0
3631	1
3632	0
3633	1
3634	0
3635	0
3636	0
3637	0
3638	1
3639	0
3640	0
3641	0
3642	0
3643	0
3644	0
3645	0
3646	0
3647	0
3648	0
3649	0
3650	1
3651	0
3652	0
3653	0
3654	0
3655	0
3656	0
3657	0
3658	0
3659	1
3660	0
3661	0
3662	0
3663	0
3664	0
3665	0
3666	0
3667	0
3668	0
3669	0
3670	0
3671	0
3672	0
3673	0
3674	0
3675	1
3676	0
3677	0
3678	0
3679	0
3680	0
3681	0
3682	0
3683	0
3684	0
3685	0
3686	0
3687	0
3688	0
3689	0
3690	0
3691	0
3692	0
3693	0
3694	0
3695	0
3696	0
3697	0
3698	0
3699	1
3700	0
3701	0
3702	0
3703	0
3704	0
3705	0
3706	0
3707	0
3708	0
3709	0
3710	0
3711	0
3712	0
3713	0
3714	0
3715	0
3716	0
3717	0
3718	0
3719	0
3720	0
3721	0
3722	0
3723	0
3724	0
3725	0
3726	0
3727	0
3728	0
3729	0
3730	0
3731	0
3732	1
3733	0
3734	0
3735	0
3736	0
3737	0
3738	0
3739	0
3740	0
3741	0
3742	0
3743	0
3744	0
3745	0
3746	0
3747	0
3748	0
3749	0
3750	0
3751	0
3752	0
3753	0
3754	0
3755	0
3756	0
3757	0
3758	0
3759	0
3760	0
3761	0
3762	0
3763	0
3764	0
3765	0
3766	0
3767	0
3768	0
3769	1
3770	0
3771	0
3772	0
3773	0
3774	1
3775	0
3776	0
3777	0
3778	0
3779	0
3780	0
3781	0
3782	0
3783	0
3784	0
3785	0
3786	0
3787	0
3788	0
3789	0
3790	0
3791	0
3792	0
3793	0
3794	0
3795	0
3796	0
3797	0
3798	0
3799	0
3800	0
3801	1
3802	0
3803	0
3804	0
3805	0
3806	0
3807	0
3808	0
3809	1
3810	0
3811	0
3812	0
3813	0
3814	0
3815	0
3816	0
3817	0
3818	0
3819	0
3820	0
3821	0
3822	0
3823	0
3824	0
3825	0
3826	0
3827	0
3828	0
3829	0
3830	0
3831	0
3832	0
3833	0
3834	0
3835	0
3836	0
3837	1
3838	0
3839	0
3840	0
3841	0
3842	0
3843	0
3844	0
3845	0
3846	0
3847	0
3848	0
3849	0
3850	0
3851	1
3852	0
3853	0
3854	0
3855	0
3856	0
3857	0
3858	0
3859	0
3860	0
3861	0
3862	0
3863	0
3864	0
3865	0
3866	0
3867	0
3868	0
3869	0
3870	1
3871	0
3872	0
3873	0
3874	0
3875	0
3876	0
3877	0
3878	0
3879	0
3880	0
3881	1
3882	0
3883	0
3884	0
3885	0
3886	0
3887	0
3888	0
3889	0
3890	0
3891	0
3892	0
3893	0
3894	0
3895	0
3896	0
3897	0
3898	0
3899	0
3900	0
3901	0
3902	0
3903	0
3904	0
3905	0
3906	0
3907	0
3908	0
3909	0
3910	0
3911	0
3912	0
3913	0
3914	0
3915	0
3916	0
3917	0
3918	0
3919	0
3920	0
3921	0
3922	0
3923	0
3924	0
3925	0
3926	0
3927	0
3928	0
3929	0
3930	0
3931	0
3932	0
3933	0
3934	0
3935	0
3936	0
3937	0
3938	0
3939	0
3940	0
3941	0
3942	0
3943	0
3944	0
3945	0
3946	0
3947	0
3948	0
3949	0
3950	0
3951	0
3952	0
3953	0
3954	0
3955	0
3956	0
3957	0
3958	0
3959	0
3960	0
3961	0
3962	0
3963	0
3964	0
3965	0
3966	0
3967	0
3968	0
3969	0
3970	0
3971	0
3972	0
3973	0
3974	0
3975	0
3976	0
3977	0
3978	0
3979	0
3980	0
3981	0
3982	0
3983	0
3984	0
3985	0
3986	0
3987	0
3988	0
3989	0
3990	0
3991	0
3992	0
3993	0
3994	0
3995	0
3996	0
3997	0
3998	0
3999	0
4000	0
