Channel number	Impulses
Channel/#	Impulses/#

0	0
1	0
2	0
3	0
4	0
5	0
6	0
7	0
8	0
9	0
10	0
11	0
12	0
13	0
14	0
15	0
16	0
17	0
18	0
19	0
20	0
21	0
22	0
23	0
24	0
25	0
26	0
27	0
28	0
29	0
30	0
31	0
32	0
33	0
34	0
35	0
36	0
37	0
38	0
39	0
40	0
41	0
42	0
43	0
44	0
45	0
46	0
47	0
48	0
49	0
50	0
51	0
52	0
53	0
54	0
55	1
56	1
57	3
58	2
59	3
60	4
61	4
62	3
63	4
64	4
65	4
66	4
67	5
68	2
69	2
70	6
71	3
72	8
73	4
74	4
75	6
76	6
77	6
78	6
79	3
80	5
81	5
82	3
83	8
84	6
85	5
86	6
87	7
88	5
89	4
90	3
91	3
92	6
93	8
94	2
95	9
96	5
97	5
98	7
99	3
100	3
101	4
102	3
103	6
104	6
105	4
106	3
107	3
108	3
109	6
110	7
111	5
112	2
113	4
114	6
115	7
116	5
117	1
118	2
119	4
120	5
121	6
122	5
123	4
124	4
125	4
126	3
127	4
128	0
129	3
130	2
131	7
132	7
133	3
134	2
135	8
136	6
137	5
138	0
139	6
140	1
141	2
142	3
143	4
144	6
145	1
146	3
147	4
148	2
149	5
150	6
151	3
152	1
153	6
154	4
155	3
156	6
157	4
158	5
159	7
160	6
161	4
162	4
163	3
164	4
165	2
166	5
167	2
168	0
169	1
170	4
171	5
172	8
173	1
174	3
175	4
176	0
177	5
178	7
179	3
180	0
181	0
182	6
183	7
184	3
185	6
186	2
187	3
188	6
189	8
190	9
191	5
192	2
193	3
194	1
195	2
196	1
197	5
198	3
199	6
200	2
201	5
202	4
203	3
204	4
205	6
206	4
207	4
208	3
209	6
210	5
211	2
212	5
213	2
214	5
215	4
216	6
217	3
218	1
219	3
220	6
221	5
222	6
223	7
224	4
225	4
226	6
227	3
228	1
229	4
230	6
231	5
232	5
233	4
234	5
235	1
236	3
237	4
238	2
239	3
240	5
241	1
242	3
243	9
244	6
245	5
246	7
247	4
248	3
249	3
250	3
251	2
252	1
253	3
254	3
255	10
256	0
257	6
258	4
259	4
260	4
261	4
262	4
263	3
264	7
265	5
266	8
267	2
268	7
269	7
270	7
271	5
272	6
273	7
274	9
275	6
276	8
277	4
278	10
279	8
280	5
281	4
282	2
283	9
284	4
285	10
286	10
287	11
288	5
289	9
290	12
291	10
292	13
293	12
294	16
295	7
296	5
297	11
298	8
299	8
300	14
301	14
302	16
303	10
304	10
305	8
306	18
307	19
308	17
309	10
310	13
311	11
312	11
313	10
314	11
315	13
316	10
317	14
318	14
319	19
320	12
321	13
322	14
323	7
324	14
325	15
326	14
327	6
328	21
329	16
330	16
331	10
332	10
333	6
334	19
335	5
336	16
337	11
338	18
339	14
340	17
341	12
342	7
343	13
344	14
345	7
346	9
347	9
348	11
349	11
350	5
351	11
352	11
353	11
354	7
355	5
356	16
357	6
358	12
359	5
360	8
361	10
362	6
363	7
364	9
365	8
366	5
367	3
368	7
369	6
370	6
371	7
372	7
373	6
374	6
375	7
376	5
377	7
378	1
379	4
380	2
381	4
382	5
383	7
384	1
385	1
386	2
387	2
388	9
389	4
390	8
391	4
392	3
393	6
394	4
395	3
396	7
397	7
398	3
399	4
400	9
401	3
402	2
403	4
404	4
405	5
406	5
407	1
408	6
409	5
410	6
411	2
412	6
413	1
414	4
415	5
416	1
417	3
418	4
419	5
420	4
421	0
422	4
423	5
424	5
425	4
426	6
427	1
428	4
429	5
430	4
431	3
432	3
433	1
434	5
435	4
436	5
437	3
438	0
439	2
440	2
441	5
442	4
443	6
444	3
445	7
446	4
447	1
448	1
449	2
450	1
451	0
452	6
453	2
454	0
455	2
456	1
457	6
458	2
459	4
460	1
461	2
462	3
463	1
464	0
465	3
466	5
467	6
468	4
469	2
470	3
471	2
472	4
473	2
474	1
475	5
476	6
477	4
478	3
479	2
480	2
481	1
482	1
483	3
484	7
485	0
486	4
487	3
488	4
489	2
490	9
491	4
492	5
493	1
494	5
495	3
496	4
497	2
498	4
499	1
500	2
501	3
502	4
503	3
504	4
505	4
506	1
507	3
508	5
509	2
510	5
511	8
512	0
513	7
514	0
515	12
516	2
517	3
518	8
519	1
520	5
521	5
522	4
523	4
524	4
525	3
526	4
527	5
528	4
529	5
530	5
531	1
532	1
533	4
534	3
535	4
536	8
537	4
538	3
539	5
540	4
541	3
542	4
543	5
544	9
545	6
546	4
547	6
548	2
549	4
550	9
551	5
552	7
553	7
554	4
555	6
556	2
557	4
558	3
559	3
560	7
561	6
562	12
563	7
564	8
565	3
566	6
567	4
568	4
569	10
570	6
571	8
572	5
573	8
574	4
575	9
576	3
577	4
578	8
579	11
580	8
581	7
582	12
583	10
584	4
585	9
586	6
587	11
588	3
589	4
590	7
591	8
592	9
593	5
594	11
595	13
596	13
597	7
598	16
599	10
600	14
601	15
602	18
603	21
604	23
605	20
606	14
607	13
608	10
609	10
610	16
611	16
612	19
613	16
614	25
615	21
616	20
617	20
618	19
619	30
620	25
621	20
622	24
623	27
624	26
625	24
626	26
627	26
628	28
629	21
630	27
631	21
632	27
633	26
634	19
635	31
636	39
637	31
638	29
639	50
640	13
641	23
642	16
643	30
644	30
645	21
646	30
647	20
648	20
649	28
650	19
651	20
652	32
653	24
654	21
655	19
656	22
657	25
658	21
659	19
660	18
661	13
662	21
663	8
664	15
665	19
666	12
667	11
668	17
669	14
670	16
671	19
672	8
673	12
674	10
675	12
676	12
677	4
678	13
679	8
680	9
681	10
682	1
683	10
684	13
685	9
686	7
687	9
688	10
689	6
690	7
691	11
692	4
693	5
694	10
695	6
696	7
697	11
698	4
699	7
700	9
701	4
702	6
703	16
704	7
705	4
706	12
707	7
708	11
709	8
710	12
711	3
712	11
713	11
714	11
715	11
716	12
717	11
718	9
719	9
720	3
721	11
722	9
723	10
724	8
725	1
726	13
727	3
728	5
729	12
730	10
731	9
732	14
733	8
734	7
735	7
736	6
737	6
738	9
739	9
740	11
741	6
742	6
743	14
744	7
745	6
746	7
747	11
748	13
749	5
750	16
751	6
752	6
753	4
754	3
755	7
756	9
757	5
758	10
759	5
760	11
761	11
762	9
763	11
764	10
765	6
766	6
767	11
768	8
769	4
770	3
771	6
772	10
773	3
774	12
775	6
776	8
777	8
778	10
779	6
780	7
781	8
782	8
783	9
784	8
785	8
786	9
787	14
788	9
789	6
790	11
791	6
792	5
793	12
794	5
795	11
796	10
797	8
798	8
799	10
800	2
801	11
802	10
803	8
804	14
805	14
806	14
807	14
808	8
809	13
810	11
811	12
812	22
813	14
814	10
815	13
816	12
817	11
818	29
819	17
820	12
821	15
822	18
823	11
824	19
825	17
826	13
827	14
828	31
829	17
830	16
831	25
832	10
833	19
834	18
835	14
836	31
837	15
838	25
839	19
840	19
841	18
842	26
843	20
844	11
845	20
846	21
847	19
848	12
849	22
850	23
851	34
852	17
853	22
854	26
855	20
856	27
857	30
858	35
859	29
860	33
861	26
862	42
863	35
864	38
865	30
866	47
867	40
868	62
869	46
870	61
871	41
872	51
873	51
874	65
875	56
876	64
877	56
878	79
879	77
880	59
881	66
882	102
883	79
884	92
885	77
886	125
887	92
888	109
889	122
890	96
891	104
892	124
893	86
894	124
895	158
896	88
897	92
898	117
899	109
900	124
901	104
902	132
903	83
904	146
905	125
906	98
907	108
908	137
909	114
910	128
911	99
912	117
913	112
914	114
915	109
916	125
917	81
918	122
919	80
920	109
921	86
922	79
923	76
924	98
925	75
926	82
927	73
928	68
929	61
930	84
931	48
932	92
933	39
934	68
935	54
936	48
937	63
938	40
939	33
940	65
941	33
942	43
943	23
944	33
945	30
946	27
947	26
948	27
949	26
950	28
951	16
952	25
953	27
954	26
955	15
956	15
957	16
958	17
959	20
960	8
961	13
962	10
963	11
964	22
965	10
966	21
967	11
968	18
969	16
970	13
971	11
972	14
973	18
974	19
975	15
976	11
977	14
978	16
979	10
980	18
981	11
982	18
983	11
984	14
985	11
986	14
987	16
988	18
989	24
990	22
991	25
992	23
993	17
994	16
995	27
996	23
997	19
998	29
999	13
1000	27
1001	38
1002	33
1003	22
1004	34
1005	17
1006	40
1007	20
1008	27
1009	22
1010	42
1011	34
1012	32
1013	18
1014	24
1015	20
1016	28
1017	33
1018	34
1019	33
1020	27
1021	34
1022	38
1023	42
1024	7
1025	26
1026	31
1027	22
1028	34
1029	29
1030	32
1031	26
1032	24
1033	30
1034	20
1035	20
1036	22
1037	22
1038	30
1039	25
1040	22
1041	18
1042	23
1043	32
1044	15
1045	14
1046	22
1047	19
1048	21
1049	36
1050	25
1051	22
1052	16
1053	20
1054	14
1055	35
1056	11
1057	26
1058	21
1059	22
1060	19
1061	17
1062	22
1063	19
1064	18
1065	19
1066	15
1067	16
1068	19
1069	13
1070	25
1071	16
1072	14
1073	15
1074	18
1075	19
1076	14
1077	17
1078	20
1079	13
1080	13
1081	12
1082	12
1083	13
1084	22
1085	15
1086	17
1087	19
1088	7
1089	10
1090	16
1091	16
1092	20
1093	19
1094	16
1095	12
1096	8
1097	21
1098	17
1099	7
1100	17
1101	16
1102	19
1103	14
1104	12
1105	16
1106	9
1107	12
1108	15
1109	11
1110	17
1111	15
1112	11
1113	15
1114	15
1115	16
1116	11
1117	20
1118	16
1119	14
1120	5
1121	8
1122	17
1123	15
1124	10
1125	12
1126	11
1127	20
1128	10
1129	13
1130	18
1131	15
1132	18
1133	9
1134	12
1135	18
1136	7
1137	9
1138	8
1139	11
1140	14
1141	9
1142	15
1143	13
1144	13
1145	26
1146	7
1147	13
1148	14
1149	15
1150	11
1151	25
1152	3
1153	12
1154	13
1155	15
1156	17
1157	14
1158	23
1159	9
1160	11
1161	15
1162	13
1163	9
1164	5
1165	12
1166	16
1167	13
1168	7
1169	13
1170	7
1171	14
1172	13
1173	15
1174	13
1175	12
1176	6
1177	20
1178	18
1179	16
1180	8
1181	10
1182	9
1183	24
1184	9
1185	9
1186	9
1187	13
1188	7
1189	5
1190	13
1191	12
1192	9
1193	16
1194	8
1195	11
1196	18
1197	10
1198	18
1199	22
1200	7
1201	11
1202	11
1203	11
1204	14
1205	11
1206	14
1207	14
1208	11
1209	17
1210	9
1211	17
1212	16
1213	17
1214	11
1215	21
1216	7
1217	16
1218	10
1219	7
1220	16
1221	9
1222	18
1223	12
1224	12
1225	16
1226	16
1227	16
1228	18
1229	13
1230	22
1231	9
1232	16
1233	11
1234	13
1235	16
1236	10
1237	7
1238	17
1239	11
1240	15
1241	13
1242	14
1243	15
1244	17
1245	13
1246	15
1247	14
1248	9
1249	14
1250	8
1251	10
1252	18
1253	11
1254	17
1255	18
1256	11
1257	18
1258	12
1259	9
1260	15
1261	8
1262	19
1263	17
1264	20
1265	20
1266	16
1267	16
1268	21
1269	11
1270	19
1271	18
1272	16
1273	22
1274	13
1275	17
1276	16
1277	9
1278	15
1279	33
1280	5
1281	10
1282	14
1283	18
1284	25
1285	15
1286	13
1287	20
1288	17
1289	22
1290	12
1291	21
1292	13
1293	15
1294	14
1295	25
1296	15
1297	21
1298	16
1299	27
1300	25
1301	17
1302	14
1303	19
1304	21
1305	23
1306	15
1307	31
1308	21
1309	8
1310	13
1311	23
1312	14
1313	15
1314	18
1315	21
1316	13
1317	9
1318	12
1319	11
1320	15
1321	22
1322	16
1323	21
1324	13
1325	18
1326	18
1327	12
1328	18
1329	12
1330	12
1331	10
1332	14
1333	6
1334	22
1335	10
1336	11
1337	23
1338	13
1339	12
1340	15
1341	14
1342	20
1343	16
1344	3
1345	10
1346	16
1347	10
1348	18
1349	13
1350	13
1351	7
1352	14
1353	13
1354	6
1355	11
1356	13
1357	12
1358	11
1359	14
1360	10
1361	11
1362	10
1363	16
1364	11
1365	9
1366	14
1367	12
1368	18
1369	13
1370	11
1371	13
1372	12
1373	13
1374	12
1375	14
1376	17
1377	18
1378	19
1379	12
1380	17
1381	10
1382	25
1383	12
1384	15
1385	13
1386	18
1387	5
1388	18
1389	13
1390	15
1391	19
1392	11
1393	13
1394	11
1395	15
1396	14
1397	19
1398	16
1399	6
1400	13
1401	12
1402	10
1403	15
1404	27
1405	11
1406	19
1407	16
1408	5
1409	9
1410	11
1411	15
1412	17
1413	6
1414	19
1415	10
1416	18
1417	16
1418	6
1419	15
1420	20
1421	9
1422	10
1423	12
1424	8
1425	9
1426	21
1427	17
1428	8
1429	11
1430	11
1431	7
1432	16
1433	11
1434	15
1435	13
1436	13
1437	10
1438	18
1439	22
1440	10
1441	17
1442	10
1443	20
1444	19
1445	9
1446	12
1447	8
1448	14
1449	13
1450	12
1451	12
1452	12
1453	8
1454	9
1455	9
1456	15
1457	9
1458	14
1459	21
1460	18
1461	12
1462	19
1463	18
1464	10
1465	15
1466	9
1467	16
1468	16
1469	13
1470	14
1471	9
1472	3
1473	8
1474	12
1475	13
1476	10
1477	9
1478	16
1479	11
1480	14
1481	14
1482	12
1483	6
1484	16
1485	7
1486	15
1487	11
1488	9
1489	8
1490	11
1491	14
1492	7
1493	6
1494	13
1495	10
1496	20
1497	17
1498	6
1499	8
1500	9
1501	8
1502	16
1503	12
1504	9
1505	14
1506	16
1507	11
1508	25
1509	10
1510	18
1511	12
1512	12
1513	11
1514	11
1515	9
1516	22
1517	9
1518	12
1519	13
1520	16
1521	14
1522	12
1523	15
1524	19
1525	17
1526	13
1527	10
1528	10
1529	6
1530	13
1531	13
1532	16
1533	15
1534	15
1535	17
1536	5
1537	12
1538	10
1539	13
1540	13
1541	13
1542	18
1543	15
1544	15
1545	14
1546	11
1547	8
1548	10
1549	9
1550	13
1551	12
1552	11
1553	16
1554	14
1555	10
1556	20
1557	9
1558	15
1559	13
1560	21
1561	13
1562	12
1563	12
1564	11
1565	17
1566	12
1567	17
1568	11
1569	22
1570	16
1571	17
1572	24
1573	11
1574	18
1575	16
1576	10
1577	19
1578	13
1579	11
1580	17
1581	17
1582	8
1583	12
1584	15
1585	13
1586	21
1587	19
1588	14
1589	10
1590	11
1591	14
1592	7
1593	15
1594	13
1595	10
1596	15
1597	6
1598	12
1599	20
1600	5
1601	18
1602	22
1603	9
1604	14
1605	11
1606	24
1607	7
1608	10
1609	13
1610	13
1611	10
1612	11
1613	14
1614	11
1615	13
1616	13
1617	18
1618	9
1619	12
1620	12
1621	13
1622	8
1623	7
1624	7
1625	13
1626	8
1627	16
1628	18
1629	12
1630	16
1631	13
1632	10
1633	18
1634	7
1635	8
1636	13
1637	10
1638	18
1639	12
1640	12
1641	7
1642	12
1643	11
1644	12
1645	14
1646	13
1647	15
1648	7
1649	10
1650	19
1651	11
1652	9
1653	13
1654	18
1655	7
1656	5
1657	12
1658	6
1659	13
1660	14
1661	11
1662	13
1663	15
1664	4
1665	16
1666	9
1667	14
1668	11
1669	9
1670	15
1671	6
1672	12
1673	8
1674	8
1675	10
1676	15
1677	14
1678	13
1679	3
1680	11
1681	6
1682	9
1683	10
1684	15
1685	7
1686	11
1687	4
1688	13
1689	17
1690	10
1691	17
1692	11
1693	4
1694	7
1695	14
1696	10
1697	10
1698	10
1699	7
1700	16
1701	10
1702	11
1703	10
1704	7
1705	14
1706	8
1707	12
1708	11
1709	10
1710	8
1711	7
1712	6
1713	13
1714	13
1715	12
1716	16
1717	17
1718	16
1719	11
1720	8
1721	16
1722	5
1723	8
1724	10
1725	10
1726	16
1727	12
1728	16
1729	6
1730	15
1731	12
1732	12
1733	6
1734	19
1735	14
1736	12
1737	21
1738	13
1739	12
1740	21
1741	19
1742	9
1743	8
1744	12
1745	14
1746	11
1747	11
1748	10
1749	3
1750	10
1751	12
1752	7
1753	16
1754	15
1755	18
1756	9
1757	11
1758	12
1759	12
1760	10
1761	11
1762	8
1763	12
1764	13
1765	9
1766	17
1767	13
1768	7
1769	13
1770	9
1771	12
1772	17
1773	9
1774	12
1775	19
1776	16
1777	8
1778	11
1779	9
1780	4
1781	10
1782	11
1783	7
1784	16
1785	12
1786	11
1787	15
1788	14
1789	13
1790	16
1791	18
1792	5
1793	11
1794	12
1795	13
1796	18
1797	4
1798	14
1799	9
1800	12
1801	8
1802	17
1803	17
1804	19
1805	8
1806	11
1807	7
1808	14
1809	14
1810	17
1811	17
1812	13
1813	12
1814	15
1815	8
1816	18
1817	15
1818	18
1819	23
1820	11
1821	14
1822	15
1823	15
1824	16
1825	17
1826	24
1827	14
1828	17
1829	15
1830	19
1831	13
1832	13
1833	17
1834	24
1835	16
1836	21
1837	15
1838	24
1839	7
1840	14
1841	24
1842	16
1843	19
1844	21
1845	13
1846	29
1847	17
1848	12
1849	25
1850	22
1851	38
1852	24
1853	22
1854	18
1855	31
1856	18
1857	18
1858	27
1859	27
1860	28
1861	17
1862	41
1863	22
1864	28
1865	49
1866	25
1867	30
1868	42
1869	37
1870	50
1871	35
1872	22
1873	45
1874	41
1875	45
1876	37
1877	31
1878	57
1879	25
1880	44
1881	42
1882	28
1883	50
1884	53
1885	45
1886	57
1887	45
1888	46
1889	38
1890	51
1891	38
1892	64
1893	39
1894	72
1895	48
1896	47
1897	54
1898	37
1899	39
1900	66
1901	40
1902	50
1903	36
1904	38
1905	46
1906	52
1907	44
1908	60
1909	39
1910	54
1911	31
1912	52
1913	63
1914	40
1915	50
1916	48
1917	46
1918	47
1919	47
1920	37
1921	34
1922	32
1923	44
1924	56
1925	38
1926	62
1927	39
1928	51
1929	50
1930	34
1931	44
1932	60
1933	36
1934	37
1935	23
1936	56
1937	36
1938	41
1939	54
1940	50
1941	22
1942	52
1943	35
1944	51
1945	65
1946	36
1947	51
1948	35
1949	56
1950	44
1951	30
1952	42
1953	43
1954	48
1955	33
1956	46
1957	27
1958	50
1959	34
1960	46
1961	65
1962	40
1963	44
1964	63
1965	35
1966	49
1967	28
1968	55
1969	44
1970	52
1971	39
1972	60
1973	43
1974	57
1975	28
1976	44
1977	55
1978	36
1979	48
1980	45
1981	35
1982	32
1983	30
1984	40
1985	44
1986	45
1987	34
1988	46
1989	28
1990	37
1991	23
1992	28
1993	37
1994	18
1995	24
1996	33
1997	26
1998	24
1999	25
2000	28
2001	22
2002	28
2003	34
2004	34
2005	20
2006	23
2007	11
2008	18
2009	15
2010	15
2011	23
2012	26
2013	23
2014	22
2015	21
2016	16
2017	18
2018	15
2019	19
2020	14
2021	13
2022	16
2023	7
2024	12
2025	12
2026	12
2027	10
2028	12
2029	13
2030	10
2031	10
2032	12
2033	13
2034	10
2035	19
2036	14
2037	6
2038	12
2039	6
2040	9
2041	11
2042	10
2043	10
2044	11
2045	4
2046	10
2047	14
2048	6
2049	9
2050	5
2051	8
2052	11
2053	5
2054	4
2055	6
2056	8
2057	7
2058	7
2059	9
2060	8
2061	5
2062	15
2063	6
2064	7
2065	12
2066	6
2067	9
2068	8
2069	5
2070	16
2071	6
2072	9
2073	11
2074	11
2075	9
2076	11
2077	11
2078	9
2079	11
2080	6
2081	11
2082	9
2083	9
2084	15
2085	14
2086	5
2087	11
2088	7
2089	10
2090	11
2091	8
2092	18
2093	12
2094	9
2095	4
2096	9
2097	9
2098	12
2099	12
2100	9
2101	7
2102	10
2103	6
2104	6
2105	10
2106	9
2107	18
2108	11
2109	13
2110	11
2111	17
2112	12
2113	11
2114	9
2115	7
2116	10
2117	5
2118	18
2119	14
2120	12
2121	22
2122	6
2123	15
2124	11
2125	15
2126	12
2127	18
2128	14
2129	8
2130	9
2131	16
2132	11
2133	22
2134	18
2135	23
2136	12
2137	15
2138	18
2139	10
2140	12
2141	15
2142	15
2143	14
2144	12
2145	12
2146	18
2147	13
2148	13
2149	10
2150	14
2151	16
2152	15
2153	17
2154	9
2155	14
2156	24
2157	19
2158	19
2159	16
2160	6
2161	12
2162	12
2163	18
2164	17
2165	19
2166	14
2167	15
2168	10
2169	11
2170	10
2171	18
2172	21
2173	14
2174	17
2175	20
2176	9
2177	10
2178	9
2179	15
2180	13
2181	10
2182	12
2183	10
2184	11
2185	17
2186	9
2187	16
2188	13
2189	11
2190	11
2191	9
2192	7
2193	11
2194	8
2195	12
2196	12
2197	7
2198	12
2199	9
2200	14
2201	14
2202	11
2203	13
2204	12
2205	13
2206	19
2207	15
2208	7
2209	13
2210	15
2211	13
2212	13
2213	8
2214	7
2215	12
2216	7
2217	14
2218	12
2219	19
2220	10
2221	8
2222	9
2223	12
2224	13
2225	17
2226	12
2227	15
2228	14
2229	13
2230	12
2231	10
2232	6
2233	14
2234	13
2235	12
2236	14
2237	17
2238	10
2239	10
2240	15
2241	13
2242	12
2243	5
2244	11
2245	7
2246	12
2247	8
2248	10
2249	17
2250	12
2251	7
2252	16
2253	17
2254	10
2255	7
2256	10
2257	10
2258	6
2259	10
2260	9
2261	8
2262	16
2263	7
2264	6
2265	9
2266	8
2267	19
2268	9
2269	8
2270	6
2271	4
2272	3
2273	9
2274	6
2275	4
2276	12
2277	9
2278	12
2279	7
2280	6
2281	6
2282	5
2283	8
2284	12
2285	8
2286	11
2287	6
2288	9
2289	6
2290	5
2291	7
2292	7
2293	11
2294	6
2295	9
2296	2
2297	6
2298	2
2299	9
2300	4
2301	6
2302	9
2303	1
2304	5
2305	4
2306	2
2307	7
2308	6
2309	4
2310	3
2311	2
2312	3
2313	10
2314	2
2315	5
2316	5
2317	8
2318	6
2319	6
2320	7
2321	3
2322	9
2323	8
2324	3
2325	9
2326	2
2327	6
2328	2
2329	6
2330	5
2331	8
2332	5
2333	6
2334	3
2335	6
2336	9
2337	6
2338	6
2339	8
2340	6
2341	2
2342	5
2343	5
2344	2
2345	4
2346	6
2347	7
2348	4
2349	4
2350	6
2351	3
2352	4
2353	4
2354	5
2355	5
2356	7
2357	4
2358	9
2359	3
2360	5
2361	5
2362	4
2363	3
2364	5
2365	5
2366	5
2367	7
2368	3
2369	3
2370	5
2371	8
2372	8
2373	7
2374	3
2375	5
2376	4
2377	6
2378	6
2379	8
2380	2
2381	3
2382	2
2383	5
2384	5
2385	7
2386	5
2387	6
2388	2
2389	5
2390	4
2391	3
2392	5
2393	5
2394	1
2395	5
2396	9
2397	4
2398	6
2399	5
2400	7
2401	5
2402	6
2403	2
2404	7
2405	9
2406	3
2407	4
2408	2
2409	7
2410	6
2411	4
2412	5
2413	11
2414	4
2415	7
2416	2
2417	1
2418	6
2419	5
2420	4
2421	6
2422	3
2423	2
2424	5
2425	2
2426	2
2427	7
2428	5
2429	5
2430	9
2431	6
2432	8
2433	7
2434	6
2435	8
2436	3
2437	2
2438	3
2439	3
2440	5
2441	4
2442	3
2443	5
2444	4
2445	7
2446	5
2447	6
2448	3
2449	7
2450	1
2451	4
2452	9
2453	3
2454	5
2455	2
2456	4
2457	4
2458	2
2459	5
2460	4
2461	3
2462	5
2463	4
2464	5
2465	4
2466	7
2467	6
2468	2
2469	4
2470	5
2471	4
2472	4
2473	4
2474	3
2475	5
2476	7
2477	9
2478	0
2479	2
2480	9
2481	4
2482	3
2483	4
2484	4
2485	3
2486	5
2487	5
2488	2
2489	3
2490	10
2491	11
2492	5
2493	1
2494	5
2495	4
2496	2
2497	7
2498	3
2499	8
2500	6
2501	4
2502	6
2503	3
2504	1
2505	8
2506	5
2507	6
2508	8
2509	10
2510	9
2511	6
2512	9
2513	5
2514	6
2515	12
2516	8
2517	8
2518	7
2519	6
2520	6
2521	6
2522	8
2523	6
2524	6
2525	5
2526	9
2527	8
2528	6
2529	3
2530	9
2531	6
2532	14
2533	5
2534	9
2535	8
2536	7
2537	9
2538	7
2539	10
2540	9
2541	6
2542	10
2543	16
2544	8
2545	8
2546	16
2547	8
2548	4
2549	6
2550	11
2551	13
2552	5
2553	11
2554	10
2555	11
2556	8
2557	4
2558	9
2559	11
2560	7
2561	7
2562	4
2563	5
2564	13
2565	9
2566	8
2567	6
2568	6
2569	11
2570	9
2571	6
2572	5
2573	4
2574	5
2575	9
2576	7
2577	1
2578	4
2579	7
2580	3
2581	6
2582	6
2583	2
2584	8
2585	7
2586	4
2587	4
2588	3
2589	8
2590	3
2591	7
2592	6
2593	4
2594	4
2595	9
2596	5
2597	1
2598	5
2599	3
2600	4
2601	11
2602	4
2603	3
2604	2
2605	6
2606	4
2607	4
2608	2
2609	4
2610	6
2611	9
2612	2
2613	4
2614	4
2615	0
2616	2
2617	2
2618	0
2619	7
2620	4
2621	6
2622	1
2623	4
2624	4
2625	3
2626	5
2627	4
2628	3
2629	1
2630	4
2631	2
2632	3
2633	3
2634	2
2635	3
2636	6
2637	2
2638	4
2639	4
2640	2
2641	6
2642	3
2643	6
2644	1
2645	2
2646	5
2647	1
2648	5
2649	8
2650	4
2651	8
2652	6
2653	6
2654	3
2655	5
2656	2
2657	5
2658	6
2659	4
2660	2
2661	4
2662	2
2663	3
2664	6
2665	6
2666	2
2667	2
2668	4
2669	5
2670	3
2671	2
2672	1
2673	5
2674	3
2675	3
2676	4
2677	6
2678	4
2679	4
2680	5
2681	3
2682	2
2683	4
2684	8
2685	2
2686	8
2687	2
2688	0
2689	4
2690	5
2691	1
2692	3
2693	2
2694	4
2695	2
2696	4
2697	5
2698	0
2699	2
2700	5
2701	7
2702	2
2703	1
2704	1
2705	0
2706	9
2707	2
2708	2
2709	1
2710	1
2711	2
2712	3
2713	1
2714	5
2715	3
2716	8
2717	5
2718	6
2719	5
2720	3
2721	1
2722	6
2723	5
2724	3
2725	2
2726	1
2727	7
2728	2
2729	1
2730	5
2731	2
2732	3
2733	5
2734	3
2735	2
2736	3
2737	3
2738	3
2739	8
2740	2
2741	1
2742	1
2743	6
2744	4
2745	3
2746	2
2747	5
2748	1
2749	1
2750	5
2751	1
2752	4
2753	2
2754	0
2755	3
2756	9
2757	3
2758	3
2759	2
2760	3
2761	6
2762	1
2763	4
2764	1
2765	1
2766	2
2767	3
2768	4
2769	6
2770	3
2771	8
2772	3
2773	0
2774	4
2775	1
2776	2
2777	5
2778	1
2779	4
2780	0
2781	2
2782	2
2783	7
2784	2
2785	4
2786	2
2787	3
2788	3
2789	1
2790	6
2791	2
2792	3
2793	4
2794	1
2795	0
2796	2
2797	5
2798	3
2799	6
2800	4
2801	6
2802	2
2803	3
2804	1
2805	3
2806	2
2807	3
2808	0
2809	5
2810	1
2811	4
2812	2
2813	4
2814	3
2815	1
2816	2
2817	5
2818	1
2819	6
2820	5
2821	1
2822	3
2823	1
2824	2
2825	3
2826	2
2827	5
2828	2
2829	3
2830	1
2831	0
2832	2
2833	1
2834	6
2835	4
2836	3
2837	2
2838	4
2839	1
2840	6
2841	1
2842	3
2843	1
2844	5
2845	1
2846	0
2847	4
2848	3
2849	1
2850	1
2851	6
2852	4
2853	2
2854	3
2855	2
2856	1
2857	2
2858	2
2859	8
2860	3
2861	4
2862	4
2863	3
2864	7
2865	2
2866	2
2867	4
2868	3
2869	1
2870	3
2871	1
2872	3
2873	4
2874	2
2875	1
2876	2
2877	4
2878	1
2879	3
2880	3
2881	3
2882	3
2883	4
2884	5
2885	1
2886	5
2887	2
2888	7
2889	1
2890	1
2891	2
2892	2
2893	5
2894	5
2895	1
2896	3
2897	3
2898	4
2899	4
2900	3
2901	1
2902	3
2903	3
2904	4
2905	4
2906	2
2907	3
2908	5
2909	0
2910	1
2911	0
2912	2
2913	2
2914	1
2915	2
2916	4
2917	3
2918	2
2919	4
2920	3
2921	2
2922	5
2923	4
2924	6
2925	1
2926	2
2927	4
2928	2
2929	1
2930	5
2931	1
2932	1
2933	2
2934	1
2935	1
2936	3
2937	4
2938	2
2939	1
2940	0
2941	3
2942	6
2943	3
2944	4
2945	2
2946	2
2947	2
2948	6
2949	2
2950	2
2951	2
2952	3
2953	5
2954	0
2955	3
2956	4
2957	1
2958	3
2959	1
2960	2
2961	2
2962	5
2963	3
2964	1
2965	1
2966	0
2967	1
2968	3
2969	5
2970	4
2971	1
2972	2
2973	3
2974	5
2975	1
2976	3
2977	4
2978	6
2979	2
2980	8
2981	2
2982	2
2983	4
2984	1
2985	4
2986	4
2987	3
2988	6
2989	2
2990	4
2991	3
2992	3
2993	5
2994	3
2995	3
2996	10
2997	3
2998	3
2999	2
3000	1
3001	7
3002	9
3003	1
3004	4
3005	5
3006	4
3007	6
3008	6
3009	5
3010	8
3011	8
3012	9
3013	1
3014	13
3015	3
3016	5
3017	6
3018	6
3019	8
3020	14
3021	8
3022	9
3023	12
3024	5
3025	10
3026	8
3027	10
3028	10
3029	5
3030	10
3031	4
3032	19
3033	7
3034	17
3035	13
3036	17
3037	14
3038	8
3039	12
3040	7
3041	9
3042	20
3043	10
3044	21
3045	11
3046	18
3047	5
3048	15
3049	25
3050	19
3051	15
3052	11
3053	20
3054	26
3055	23
3056	17
3057	14
3058	19
3059	15
3060	14
3061	11
3062	23
3063	12
3064	11
3065	16
3066	15
3067	14
3068	16
3069	11
3070	12
3071	6
3072	22
3073	15
3074	15
3075	8
3076	15
3077	6
3078	16
3079	15
3080	12
3081	9
3082	12
3083	11
3084	6
3085	8
3086	10
3087	12
3088	8
3089	17
3090	6
3091	6
3092	6
3093	9
3094	8
3095	5
3096	9
3097	9
3098	1
3099	13
3100	7
3101	6
3102	7
3103	4
3104	4
3105	8
3106	3
3107	10
3108	5
3109	2
3110	3
3111	8
3112	3
3113	5
3114	2
3115	1
3116	9
3117	3
3118	3
3119	3
3120	2
3121	3
3122	3
3123	2
3124	2
3125	0
3126	9
3127	4
3128	2
3129	7
3130	2
3131	1
3132	2
3133	3
3134	4
3135	2
3136	1
3137	2
3138	0
3139	3
3140	1
3141	1
3142	2
3143	3
3144	1
3145	2
3146	0
3147	0
3148	1
3149	1
3150	1
3151	0
3152	0
3153	0
3154	1
3155	1
3156	3
3157	1
3158	2
3159	3
3160	1
3161	2
3162	0
3163	1
3164	0
3165	3
3166	2
3167	0
3168	0
3169	2
3170	1
3171	2
3172	0
3173	1
3174	0
3175	2
3176	0
3177	2
3178	0
3179	3
3180	1
3181	1
3182	2
3183	5
3184	2
3185	1
3186	0
3187	0
3188	2
3189	0
3190	2
3191	2
3192	0
3193	3
3194	0
3195	2
3196	3
3197	2
3198	2
3199	1
3200	1
3201	1
3202	2
3203	1
3204	2
3205	1
3206	2
3207	2
3208	1
3209	2
3210	0
3211	1
3212	2
3213	3
3214	2
3215	0
3216	1
3217	1
3218	3
3219	0
3220	3
3221	1
3222	3
3223	0
3224	1
3225	1
3226	0
3227	2
3228	2
3229	1
3230	0
3231	1
3232	2
3233	1
3234	1
3235	0
3236	0
3237	1
3238	3
3239	2
3240	0
3241	1
3242	2
3243	1
3244	2
3245	1
3246	1
3247	1
3248	1
3249	1
3250	0
3251	1
3252	0
3253	1
3254	2
3255	1
3256	3
3257	3
3258	0
3259	1
3260	0
3261	2
3262	3
3263	1
3264	3
3265	0
3266	0
3267	0
3268	0
3269	3
3270	0
3271	1
3272	2
3273	2
3274	0
3275	1
3276	1
3277	1
3278	1
3279	1
3280	0
3281	3
3282	1
3283	2
3284	1
3285	0
3286	0
3287	2
3288	1
3289	2
3290	0
3291	0
3292	2
3293	1
3294	0
3295	1
3296	1
3297	0
3298	1
3299	1
3300	4
3301	2
3302	1
3303	1
3304	1
3305	1
3306	2
3307	2
3308	2
3309	0
3310	2
3311	1
3312	1
3313	3
3314	3
3315	0
3316	1
3317	0
3318	1
3319	1
3320	2
3321	1
3322	1
3323	4
3324	3
3325	1
3326	0
3327	2
3328	1
3329	1
3330	1
3331	2
3332	1
3333	1
3334	1
3335	0
3336	1
3337	2
3338	1
3339	1
3340	2
3341	0
3342	0
3343	0
3344	0
3345	0
3346	1
3347	1
3348	1
3349	1
3350	0
3351	0
3352	3
3353	1
3354	2
3355	0
3356	2
3357	0
3358	1
3359	0
3360	0
3361	0
3362	0
3363	0
3364	2
3365	0
3366	1
3367	1
3368	1
3369	0
3370	1
3371	2
3372	3
3373	0
3374	2
3375	1
3376	0
3377	0
3378	2
3379	0
3380	0
3381	2
3382	0
3383	1
3384	0
3385	2
3386	0
3387	0
3388	2
3389	0
3390	4
3391	1
3392	0
3393	0
3394	0
3395	1
3396	0
3397	0
3398	5
3399	1
3400	1
3401	0
3402	0
3403	0
3404	1
3405	0
3406	1
3407	1
3408	0
3409	0
3410	2
3411	1
3412	0
3413	0
3414	2
3415	1
3416	0
3417	3
3418	0
3419	1
3420	1
3421	1
3422	2
3423	1
3424	2
3425	1
3426	1
3427	3
3428	1
3429	0
3430	1
3431	2
3432	0
3433	0
3434	0
3435	0
3436	1
3437	1
3438	2
3439	1
3440	0
3441	2
3442	3
3443	4
3444	3
3445	2
3446	1
3447	1
3448	1
3449	1
3450	0
3451	4
3452	5
3453	0
3454	3
3455	1
3456	2
3457	0
3458	2
3459	3
3460	1
3461	3
3462	1
3463	0
3464	2
3465	5
3466	3
3467	2
3468	5
3469	3
3470	3
3471	2
3472	3
3473	2
3474	2
3475	1
3476	5
3477	0
3478	4
3479	6
3480	1
3481	2
3482	2
3483	0
3484	5
3485	1
3486	1
3487	3
3488	3
3489	8
3490	4
3491	4
3492	4
3493	5
3494	1
3495	2
3496	4
3497	3
3498	3
3499	2
3500	1
3501	1
3502	5
3503	3
3504	0
3505	7
3506	2
3507	2
3508	1
3509	2
3510	5
3511	2
3512	1
3513	1
3514	2
3515	0
3516	0
3517	1
3518	2
3519	4
3520	2
3521	1
3522	2
3523	0
3524	1
3525	1
3526	1
3527	0
3528	2
3529	6
3530	0
3531	0
3532	0
3533	0
3534	0
3535	0
3536	0
3537	1
3538	3
3539	2
3540	4
3541	0
3542	0
3543	0
3544	2
3545	0
3546	1
3547	1
3548	2
3549	0
3550	1
3551	0
3552	2
3553	0
3554	0
3555	1
3556	3
3557	0
3558	2
3559	0
3560	1
3561	2
3562	1
3563	1
3564	0
3565	0
3566	0
3567	0
3568	1
3569	0
3570	2
3571	0
3572	2
3573	0
3574	1
3575	0
3576	2
3577	2
3578	0
3579	1
3580	0
3581	0
3582	0
3583	0
3584	0
3585	0
3586	0
3587	0
3588	1
3589	1
3590	2
3591	0
3592	1
3593	0
3594	0
3595	1
3596	1
3597	0
3598	1
3599	0
3600	0
3601	0
3602	0
3603	0
3604	1
3605	1
3606	0
3607	0
3608	0
3609	0
3610	0
3611	0
3612	0
3613	0
3614	1
3615	2
3616	0
3617	1
3618	0
3619	1
3620	0
3621	1
3622	1
3623	1
3624	0
3625	0
3626	0
3627	0
3628	0
3629	0
3630	0
3631	0
3632	1
3633	0
3634	0
3635	0
3636	0
3637	0
3638	0
3639	0
3640	2
3641	0
3642	0
3643	0
3644	0
3645	0
3646	0
3647	0
3648	0
3649	0
3650	0
3651	0
3652	0
3653	0
3654	0
3655	0
3656	0
3657	0
3658	0
3659	0
3660	0
3661	0
3662	0
3663	0
3664	0
3665	0
3666	0
3667	0
3668	0
3669	0
3670	0
3671	0
3672	0
3673	0
3674	0
3675	0
3676	1
3677	0
3678	0
3679	0
3680	0
3681	0
3682	0
3683	2
3684	0
3685	0
3686	0
3687	1
3688	0
3689	0
3690	0
3691	0
3692	0
3693	1
3694	1
3695	0
3696	0
3697	0
3698	0
3699	0
3700	0
3701	0
3702	0
3703	0
3704	0
3705	2
3706	0
3707	0
3708	1
3709	0
3710	0
3711	0
3712	0
3713	0
3714	2
3715	0
3716	0
3717	0
3718	0
3719	0
3720	0
3721	1
3722	0
3723	0
3724	0
3725	0
3726	0
3727	0
3728	0
3729	0
3730	0
3731	1
3732	0
3733	0
3734	0
3735	0
3736	0
3737	0
3738	0
3739	0
3740	0
3741	0
3742	0
3743	0
3744	0
3745	0
3746	0
3747	0
3748	1
3749	0
3750	0
3751	1
3752	0
3753	0
3754	0
3755	0
3756	0
3757	0
3758	0
3759	0
3760	0
3761	0
3762	0
3763	0
3764	0
3765	0
3766	2
3767	0
3768	0
3769	0
3770	0
3771	0
3772	0
3773	0
3774	0
3775	0
3776	1
3777	0
3778	0
3779	0
3780	0
3781	0
3782	0
3783	0
3784	0
3785	0
3786	0
3787	0
3788	0
3789	0
3790	0
3791	0
3792	0
3793	0
3794	0
3795	1
3796	1
3797	3
3798	0
3799	0
3800	0
3801	0
3802	0
3803	0
3804	0
3805	0
3806	0
3807	0
3808	0
3809	0
3810	0
3811	0
3812	0
3813	0
3814	0
3815	0
3816	0
3817	0
3818	0
3819	0
3820	0
3821	0
3822	0
3823	0
3824	0
3825	0
3826	0
3827	0
3828	0
3829	0
3830	0
3831	0
3832	0
3833	0
3834	0
3835	0
3836	0
3837	0
3838	0
3839	0
3840	0
3841	0
3842	0
3843	1
3844	0
3845	0
3846	0
3847	0
3848	0
3849	0
3850	0
3851	0
3852	0
3853	0
3854	0
3855	0
3856	1
3857	0
3858	0
3859	0
3860	0
3861	0
3862	0
3863	0
3864	0
3865	0
3866	0
3867	0
3868	0
3869	0
3870	0
3871	0
3872	0
3873	0
3874	0
3875	0
3876	0
3877	0
3878	0
3879	0
3880	0
3881	0
3882	0
3883	1
3884	0
3885	0
3886	0
3887	0
3888	0
3889	0
3890	0
3891	0
3892	0
3893	0
3894	0
3895	0
3896	0
3897	0
3898	0
3899	0
3900	0
3901	0
3902	0
3903	0
3904	0
3905	0
3906	0
3907	0
3908	0
3909	0
3910	0
3911	0
3912	0
3913	0
3914	0
3915	0
3916	0
3917	0
3918	0
3919	0
3920	0
3921	0
3922	0
3923	0
3924	0
3925	0
3926	0
3927	0
3928	0
3929	0
3930	0
3931	0
3932	0
3933	0
3934	0
3935	0
3936	0
3937	0
3938	0
3939	0
3940	0
3941	0
3942	0
3943	1
3944	0
3945	0
3946	0
3947	0
3948	0
3949	0
3950	0
3951	0
3952	0
3953	0
3954	0
3955	0
3956	0
3957	0
3958	0
3959	0
3960	0
3961	0
3962	0
3963	0
3964	0
3965	0
3966	0
3967	0
3968	0
3969	0
3970	0
3971	0
3972	0
3973	0
3974	0
3975	0
3976	0
3977	0
3978	0
3979	0
3980	0
3981	0
3982	0
3983	0
3984	0
3985	0
3986	0
3987	0
3988	0
3989	0
3990	0
3991	0
3992	0
3993	0
3994	0
3995	0
3996	0
3997	0
3998	0
3999	0
4000	0
