Channel number	Impulses
Channel/#	Impulses/#

0	0
1	0
2	0
3	0
4	0
5	0
6	0
7	0
8	0
9	0
10	0
11	0
12	0
13	0
14	0
15	0
16	0
17	0
18	0
19	0
20	0
21	0
22	0
23	0
24	0
25	0
26	0
27	0
28	0
29	0
30	0
31	0
32	0
33	0
34	0
35	0
36	0
37	0
38	0
39	0
40	0
41	0
42	0
43	0
44	0
45	0
46	0
47	0
48	0
49	0
50	0
51	0
52	0
53	0
54	0
55	0
56	0
57	2
58	4
59	3
60	3
61	4
62	2
63	3
64	2
65	1
66	2
67	3
68	3
69	0
70	8
71	4
72	5
73	4
74	1
75	3
76	2
77	5
78	3
79	2
80	2
81	6
82	2
83	2
84	2
85	2
86	2
87	3
88	3
89	4
90	2
91	3
92	2
93	3
94	5
95	2
96	1
97	4
98	7
99	2
100	2
101	2
102	4
103	2
104	5
105	3
106	4
107	3
108	2
109	3
110	5
111	2
112	2
113	2
114	2
115	2
116	1
117	2
118	3
119	3
120	1
121	1
122	1
123	4
124	0
125	2
126	3
127	8
128	0
129	1
130	3
131	3
132	4
133	2
134	4
135	2
136	2
137	1
138	3
139	2
140	2
141	5
142	4
143	3
144	1
145	0
146	3
147	6
148	2
149	0
150	2
151	4
152	3
153	4
154	1
155	3
156	3
157	1
158	3
159	4
160	1
161	1
162	1
163	0
164	3
165	2
166	3
167	0
168	1
169	5
170	3
171	5
172	2
173	4
174	5
175	3
176	4
177	1
178	4
179	1
180	1
181	0
182	1
183	1
184	1
185	1
186	3
187	1
188	3
189	2
190	0
191	2
192	3
193	4
194	2
195	4
196	2
197	4
198	3
199	0
200	3
201	3
202	1
203	3
204	4
205	4
206	3
207	1
208	3
209	4
210	2
211	3
212	4
213	2
214	3
215	0
216	3
217	4
218	4
219	4
220	3
221	8
222	7
223	4
224	2
225	2
226	1
227	3
228	2
229	4
230	6
231	1
232	2
233	1
234	2
235	3
236	5
237	3
238	3
239	0
240	4
241	4
242	3
243	1
244	3
245	2
246	3
247	3
248	1
249	3
250	2
251	1
252	2
253	6
254	1
255	6
256	0
257	1
258	5
259	0
260	1
261	1
262	3
263	2
264	2
265	2
266	1
267	1
268	0
269	3
270	3
271	3
272	3
273	2
274	2
275	1
276	1
277	1
278	4
279	1
280	4
281	3
282	1
283	1
284	4
285	0
286	3
287	6
288	5
289	2
290	10
291	3
292	4
293	0
294	6
295	0
296	1
297	3
298	3
299	4
300	3
301	5
302	2
303	4
304	3
305	1
306	1
307	4
308	4
309	2
310	4
311	3
312	3
313	4
314	4
315	4
316	4
317	2
318	5
319	2
320	5
321	3
322	5
323	4
324	3
325	6
326	4
327	5
328	4
329	4
330	7
331	2
332	2
333	2
334	2
335	1
336	2
337	3
338	5
339	4
340	2
341	3
342	3
343	2
344	3
345	6
346	3
347	1
348	2
349	3
350	6
351	3
352	2
353	1
354	1
355	3
356	1
357	1
358	4
359	1
360	2
361	1
362	1
363	3
364	0
365	5
366	0
367	1
368	2
369	1
370	3
371	1
372	3
373	3
374	0
375	1
376	2
377	3
378	2
379	2
380	0
381	3
382	2
383	3
384	2
385	0
386	2
387	3
388	0
389	2
390	4
391	0
392	4
393	2
394	3
395	1
396	0
397	2
398	1
399	1
400	1
401	0
402	1
403	0
404	4
405	1
406	4
407	1
408	2
409	1
410	0
411	2
412	2
413	1
414	2
415	4
416	0
417	0
418	0
419	0
420	0
421	0
422	3
423	1
424	0
425	3
426	1
427	2
428	3
429	1
430	2
431	1
432	1
433	3
434	2
435	3
436	1
437	0
438	1
439	3
440	2
441	3
442	1
443	3
444	2
445	0
446	5
447	1
448	0
449	0
450	2
451	3
452	2
453	2
454	0
455	1
456	0
457	0
458	1
459	2
460	1
461	2
462	1
463	1
464	1
465	0
466	3
467	3
468	2
469	1
470	2
471	2
472	1
473	2
474	3
475	0
476	4
477	1
478	0
479	1
480	1
481	3
482	2
483	2
484	4
485	1
486	1
487	1
488	1
489	2
490	3
491	0
492	1
493	3
494	0
495	1
496	3
497	4
498	3
499	4
500	2
501	3
502	6
503	2
504	4
505	3
506	5
507	1
508	2
509	3
510	2
511	5
512	0
513	5
514	3
515	6
516	3
517	1
518	1
519	1
520	4
521	0
522	3
523	2
524	1
525	6
526	4
527	4
528	1
529	2
530	3
531	5
532	4
533	2
534	4
535	3
536	2
537	3
538	3
539	2
540	2
541	3
542	4
543	5
544	0
545	1
546	1
547	3
548	1
549	1
550	2
551	2
552	1
553	8
554	6
555	3
556	4
557	1
558	4
559	5
560	3
561	5
562	3
563	1
564	5
565	3
566	5
567	4
568	1
569	8
570	6
571	4
572	3
573	4
574	2
575	1
576	0
577	3
578	6
579	3
580	6
581	3
582	7
583	2
584	4
585	2
586	9
587	2
588	5
589	4
590	2
591	1
592	5
593	6
594	5
595	3
596	2
597	0
598	3
599	2
600	5
601	14
602	6
603	3
604	5
605	7
606	6
607	3
608	5
609	5
610	6
611	7
612	7
613	1
614	4
615	3
616	9
617	8
618	8
619	2
620	17
621	8
622	7
623	7
624	4
625	7
626	7
627	7
628	6
629	5
630	4
631	4
632	3
633	8
634	9
635	12
636	5
637	7
638	9
639	17
640	6
641	5
642	11
643	7
644	10
645	3
646	12
647	4
648	6
649	5
650	1
651	7
652	7
653	6
654	3
655	2
656	2
657	5
658	5
659	3
660	5
661	5
662	4
663	7
664	0
665	2
666	7
667	5
668	3
669	3
670	3
671	3
672	6
673	2
674	2
675	5
676	6
677	2
678	5
679	1
680	6
681	7
682	1
683	3
684	3
685	4
686	3
687	7
688	3
689	3
690	6
691	5
692	2
693	1
694	1
695	2
696	1
697	4
698	2
699	2
700	3
701	5
702	6
703	1
704	1
705	4
706	2
707	0
708	4
709	4
710	4
711	5
712	3
713	4
714	2
715	3
716	9
717	3
718	3
719	1
720	3
721	1
722	4
723	4
724	6
725	3
726	2
727	2
728	5
729	3
730	2
731	3
732	3
733	0
734	1
735	4
736	4
737	3
738	3
739	2
740	3
741	3
742	5
743	2
744	3
745	4
746	5
747	0
748	6
749	1
750	5
751	2
752	3
753	1
754	3
755	8
756	2
757	4
758	2
759	7
760	4
761	7
762	3
763	4
764	6
765	6
766	5
767	4
768	3
769	0
770	7
771	4
772	4
773	2
774	7
775	3
776	5
777	4
778	6
779	1
780	3
781	6
782	2
783	5
784	7
785	1
786	1
787	3
788	5
789	4
790	3
791	2
792	4
793	2
794	4
795	6
796	3
797	3
798	5
799	9
800	6
801	9
802	3
803	2
804	9
805	7
806	9
807	6
808	4
809	5
810	6
811	3
812	9
813	8
814	4
815	4
816	11
817	7
818	13
819	12
820	6
821	2
822	15
823	5
824	7
825	13
826	10
827	15
828	9
829	5
830	11
831	9
832	7
833	5
834	9
835	13
836	12
837	9
838	13
839	6
840	14
841	9
842	9
843	16
844	11
845	14
846	18
847	12
848	13
849	21
850	15
851	13
852	14
853	12
854	33
855	11
856	14
857	26
858	28
859	28
860	21
861	19
862	32
863	31
864	31
865	42
866	26
867	37
868	45
869	26
870	52
871	38
872	39
873	38
874	49
875	49
876	67
877	63
878	60
879	47
880	29
881	64
882	64
883	79
884	88
885	51
886	91
887	68
888	85
889	77
890	85
891	80
892	102
893	73
894	84
895	141
896	65
897	94
898	99
899	83
900	105
901	85
902	117
903	64
904	105
905	110
906	75
907	76
908	89
909	91
910	82
911	64
912	92
913	88
914	82
915	75
916	97
917	63
918	117
919	60
920	91
921	70
922	72
923	54
924	63
925	59
926	69
927	67
928	49
929	57
930	70
931	37
932	62
933	44
934	57
935	46
936	34
937	41
938	32
939	26
940	41
941	32
942	30
943	20
944	31
945	26
946	34
947	22
948	23
949	25
950	15
951	10
952	14
953	12
954	17
955	10
956	19
957	16
958	12
959	10
960	11
961	9
962	17
963	5
964	16
965	7
966	15
967	5
968	12
969	15
970	7
971	10
972	12
973	9
974	11
975	11
976	11
977	16
978	13
979	10
980	21
981	13
982	15
983	7
984	6
985	17
986	14
987	11
988	15
989	18
990	17
991	21
992	14
993	12
994	14
995	20
996	18
997	16
998	27
999	11
1000	20
1001	23
1002	20
1003	17
1004	26
1005	20
1006	26
1007	14
1008	20
1009	15
1010	23
1011	17
1012	16
1013	20
1014	32
1015	15
1016	20
1017	24
1018	23
1019	17
1020	20
1021	17
1022	16
1023	38
1024	6
1025	23
1026	17
1027	18
1028	21
1029	13
1030	17
1031	18
1032	17
1033	31
1034	9
1035	12
1036	15
1037	13
1038	9
1039	20
1040	10
1041	16
1042	10
1043	12
1044	21
1045	11
1046	11
1047	14
1048	8
1049	11
1050	13
1051	14
1052	14
1053	8
1054	8
1055	15
1056	7
1057	8
1058	13
1059	8
1060	12
1061	10
1062	6
1063	4
1064	9
1065	7
1066	6
1067	4
1068	8
1069	2
1070	6
1071	5
1072	3
1073	8
1074	5
1075	10
1076	8
1077	3
1078	5
1079	7
1080	6
1081	2
1082	6
1083	10
1084	5
1085	7
1086	2
1087	7
1088	8
1089	6
1090	4
1091	5
1092	4
1093	3
1094	10
1095	2
1096	8
1097	9
1098	4
1099	4
1100	11
1101	9
1102	2
1103	4
1104	6
1105	10
1106	10
1107	3
1108	4
1109	3
1110	7
1111	3
1112	5
1113	8
1114	10
1115	7
1116	10
1117	4
1118	13
1119	7
1120	5
1121	5
1122	14
1123	7
1124	8
1125	9
1126	8
1127	9
1128	6
1129	12
1130	2
1131	4
1132	9
1133	6
1134	10
1135	9
1136	7
1137	9
1138	4
1139	8
1140	7
1141	9
1142	10
1143	5
1144	5
1145	10
1146	11
1147	8
1148	9
1149	11
1150	9
1151	14
1152	3
1153	8
1154	14
1155	10
1156	11
1157	4
1158	10
1159	6
1160	7
1161	8
1162	5
1163	13
1164	11
1165	7
1166	6
1167	6
1168	12
1169	11
1170	12
1171	11
1172	10
1173	8
1174	10
1175	7
1176	6
1177	8
1178	11
1179	8
1180	9
1181	6
1182	4
1183	9
1184	11
1185	8
1186	12
1187	7
1188	11
1189	5
1190	10
1191	10
1192	8
1193	9
1194	7
1195	7
1196	11
1197	11
1198	13
1199	8
1200	3
1201	5
1202	11
1203	11
1204	3
1205	5
1206	10
1207	2
1208	5
1209	6
1210	4
1211	7
1212	4
1213	3
1214	3
1215	10
1216	8
1217	7
1218	8
1219	7
1220	7
1221	7
1222	6
1223	3
1224	3
1225	10
1226	9
1227	9
1228	11
1229	8
1230	5
1231	11
1232	5
1233	5
1234	15
1235	10
1236	8
1237	8
1238	6
1239	9
1240	5
1241	11
1242	8
1243	6
1244	11
1245	5
1246	11
1247	13
1248	2
1249	11
1250	8
1251	8
1252	7
1253	7
1254	3
1255	8
1256	6
1257	7
1258	7
1259	13
1260	4
1261	8
1262	6
1263	4
1264	3
1265	10
1266	3
1267	6
1268	5
1269	5
1270	11
1271	9
1272	6
1273	8
1274	5
1275	3
1276	6
1277	8
1278	13
1279	11
1280	1
1281	9
1282	6
1283	8
1284	11
1285	8
1286	10
1287	7
1288	7
1289	9
1290	8
1291	6
1292	5
1293	8
1294	11
1295	4
1296	4
1297	3
1298	9
1299	8
1300	8
1301	4
1302	4
1303	5
1304	8
1305	7
1306	5
1307	2
1308	8
1309	8
1310	8
1311	7
1312	2
1313	4
1314	14
1315	10
1316	9
1317	7
1318	7
1319	10
1320	7
1321	10
1322	5
1323	12
1324	8
1325	6
1326	5
1327	5
1328	5
1329	7
1330	9
1331	9
1332	7
1333	6
1334	5
1335	10
1336	5
1337	10
1338	2
1339	4
1340	10
1341	8
1342	11
1343	15
1344	3
1345	5
1346	10
1347	13
1348	12
1349	8
1350	14
1351	7
1352	12
1353	8
1354	9
1355	10
1356	15
1357	4
1358	11
1359	6
1360	9
1361	8
1362	7
1363	6
1364	13
1365	8
1366	12
1367	9
1368	8
1369	6
1370	7
1371	5
1372	12
1373	7
1374	7
1375	14
1376	7
1377	3
1378	7
1379	13
1380	9
1381	2
1382	17
1383	6
1384	13
1385	11
1386	6
1387	7
1388	8
1389	8
1390	4
1391	5
1392	5
1393	9
1394	7
1395	11
1396	11
1397	6
1398	11
1399	13
1400	9
1401	8
1402	13
1403	6
1404	7
1405	3
1406	9
1407	20
1408	6
1409	10
1410	8
1411	6
1412	12
1413	6
1414	18
1415	9
1416	13
1417	10
1418	13
1419	15
1420	10
1421	7
1422	10
1423	4
1424	13
1425	10
1426	13
1427	7
1428	13
1429	6
1430	11
1431	11
1432	14
1433	7
1434	11
1435	12
1436	12
1437	9
1438	7
1439	8
1440	13
1441	10
1442	9
1443	14
1444	16
1445	10
1446	11
1447	10
1448	12
1449	10
1450	5
1451	15
1452	12
1453	9
1454	9
1455	5
1456	9
1457	6
1458	6
1459	10
1460	16
1461	5
1462	9
1463	4
1464	9
1465	15
1466	11
1467	9
1468	10
1469	13
1470	9
1471	11
1472	3
1473	11
1474	11
1475	16
1476	9
1477	10
1478	15
1479	4
1480	9
1481	8
1482	14
1483	3
1484	8
1485	10
1486	9
1487	8
1488	10
1489	5
1490	9
1491	10
1492	7
1493	9
1494	4
1495	6
1496	11
1497	8
1498	3
1499	5
1500	12
1501	14
1502	8
1503	8
1504	5
1505	6
1506	12
1507	5
1508	11
1509	7
1510	10
1511	9
1512	9
1513	9
1514	7
1515	8
1516	12
1517	9
1518	6
1519	6
1520	9
1521	11
1522	6
1523	8
1524	8
1525	7
1526	12
1527	6
1528	6
1529	12
1530	9
1531	6
1532	6
1533	7
1534	10
1535	16
1536	11
1537	9
1538	11
1539	17
1540	11
1541	9
1542	12
1543	7
1544	7
1545	10
1546	9
1547	7
1548	11
1549	13
1550	8
1551	11
1552	10
1553	10
1554	14
1555	13
1556	14
1557	11
1558	16
1559	2
1560	13
1561	8
1562	14
1563	7
1564	12
1565	11
1566	11
1567	6
1568	9
1569	7
1570	10
1571	8
1572	13
1573	6
1574	14
1575	11
1576	8
1577	8
1578	4
1579	1
1580	13
1581	11
1582	9
1583	8
1584	6
1585	15
1586	16
1587	10
1588	15
1589	6
1590	13
1591	12
1592	9
1593	13
1594	6
1595	12
1596	11
1597	11
1598	12
1599	15
1600	15
1601	11
1602	13
1603	11
1604	12
1605	11
1606	11
1607	5
1608	9
1609	13
1610	13
1611	8
1612	10
1613	15
1614	6
1615	8
1616	5
1617	12
1618	9
1619	9
1620	9
1621	9
1622	15
1623	7
1624	9
1625	16
1626	6
1627	12
1628	10
1629	2
1630	12
1631	11
1632	9
1633	7
1634	10
1635	11
1636	7
1637	8
1638	5
1639	8
1640	7
1641	14
1642	8
1643	10
1644	19
1645	3
1646	8
1647	6
1648	6
1649	7
1650	7
1651	17
1652	12
1653	6
1654	10
1655	13
1656	6
1657	8
1658	7
1659	10
1660	6
1661	3
1662	13
1663	16
1664	2
1665	11
1666	11
1667	7
1668	9
1669	5
1670	9
1671	9
1672	8
1673	16
1674	8
1675	7
1676	12
1677	10
1678	9
1679	8
1680	10
1681	5
1682	8
1683	3
1684	8
1685	8
1686	12
1687	6
1688	10
1689	8
1690	12
1691	8
1692	3
1693	3
1694	3
1695	18
1696	7
1697	7
1698	6
1699	7
1700	9
1701	6
1702	13
1703	8
1704	11
1705	7
1706	10
1707	7
1708	9
1709	11
1710	12
1711	6
1712	10
1713	4
1714	8
1715	7
1716	13
1717	11
1718	10
1719	10
1720	7
1721	6
1722	7
1723	11
1724	14
1725	11
1726	5
1727	11
1728	6
1729	14
1730	6
1731	11
1732	16
1733	4
1734	9
1735	8
1736	10
1737	8
1738	7
1739	8
1740	15
1741	9
1742	12
1743	10
1744	11
1745	11
1746	3
1747	8
1748	9
1749	6
1750	14
1751	7
1752	9
1753	7
1754	7
1755	9
1756	11
1757	5
1758	9
1759	15
1760	10
1761	8
1762	4
1763	7
1764	11
1765	11
1766	22
1767	9
1768	8
1769	10
1770	12
1771	5
1772	11
1773	10
1774	11
1775	10
1776	11
1777	10
1778	10
1779	9
1780	15
1781	3
1782	13
1783	7
1784	10
1785	12
1786	8
1787	12
1788	11
1789	9
1790	15
1791	13
1792	2
1793	11
1794	12
1795	14
1796	15
1797	8
1798	14
1799	13
1800	9
1801	13
1802	8
1803	14
1804	15
1805	11
1806	14
1807	9
1808	8
1809	11
1810	10
1811	13
1812	17
1813	10
1814	19
1815	11
1816	15
1817	13
1818	13
1819	18
1820	15
1821	12
1822	18
1823	13
1824	12
1825	15
1826	13
1827	6
1828	15
1829	15
1830	8
1831	15
1832	9
1833	19
1834	15
1835	14
1836	22
1837	25
1838	16
1839	13
1840	17
1841	17
1842	14
1843	17
1844	20
1845	14
1846	17
1847	15
1848	13
1849	17
1850	12
1851	24
1852	24
1853	21
1854	27
1855	26
1856	15
1857	25
1858	25
1859	26
1860	26
1861	21
1862	30
1863	19
1864	28
1865	24
1866	23
1867	22
1868	31
1869	34
1870	30
1871	23
1872	25
1873	19
1874	40
1875	33
1876	34
1877	28
1878	42
1879	27
1880	38
1881	47
1882	32
1883	37
1884	30
1885	46
1886	40
1887	28
1888	47
1889	49
1890	39
1891	35
1892	46
1893	33
1894	51
1895	41
1896	43
1897	51
1898	49
1899	37
1900	46
1901	44
1902	40
1903	42
1904	33
1905	30
1906	42
1907	40
1908	40
1909	25
1910	62
1911	29
1912	19
1913	45
1914	30
1915	35
1916	55
1917	34
1918	41
1919	45
1920	29
1921	39
1922	34
1923	24
1924	40
1925	28
1926	33
1927	23
1928	44
1929	34
1930	27
1931	31
1932	38
1933	28
1934	20
1935	13
1936	32
1937	44
1938	40
1939	31
1940	42
1941	17
1942	42
1943	23
1944	31
1945	30
1946	28
1947	23
1948	33
1949	32
1950	25
1951	25
1952	20
1953	29
1954	21
1955	25
1956	41
1957	27
1958	30
1959	23
1960	18
1961	25
1962	18
1963	18
1964	29
1965	20
1966	21
1967	12
1968	33
1969	20
1970	24
1971	26
1972	25
1973	16
1974	32
1975	18
1976	30
1977	27
1978	20
1979	27
1980	22
1981	25
1982	21
1983	22
1984	18
1985	19
1986	18
1987	14
1988	27
1989	11
1990	30
1991	12
1992	23
1993	26
1994	13
1995	18
1996	17
1997	14
1998	21
1999	18
2000	17
2001	13
2002	19
2003	12
2004	27
2005	9
2006	11
2007	9
2008	18
2009	12
2010	10
2011	16
2012	13
2013	6
2014	21
2015	10
2016	10
2017	8
2018	12
2019	9
2020	15
2021	6
2022	11
2023	8
2024	11
2025	11
2026	6
2027	7
2028	7
2029	9
2030	9
2031	10
2032	7
2033	3
2034	7
2035	6
2036	9
2037	4
2038	12
2039	6
2040	6
2041	12
2042	6
2043	7
2044	10
2045	8
2046	8
2047	3
2048	1
2049	7
2050	12
2051	3
2052	5
2053	5
2054	10
2055	10
2056	9
2057	8
2058	9
2059	7
2060	6
2061	6
2062	9
2063	11
2064	5
2065	7
2066	4
2067	9
2068	9
2069	3
2070	12
2071	4
2072	7
2073	5
2074	10
2075	11
2076	3
2077	6
2078	3
2079	6
2080	17
2081	8
2082	8
2083	9
2084	8
2085	5
2086	8
2087	12
2088	6
2089	13
2090	4
2091	7
2092	9
2093	2
2094	4
2095	7
2096	3
2097	9
2098	9
2099	13
2100	11
2101	5
2102	12
2103	4
2104	7
2105	9
2106	8
2107	12
2108	5
2109	6
2110	8
2111	20
2112	7
2113	15
2114	9
2115	14
2116	11
2117	9
2118	14
2119	12
2120	12
2121	10
2122	3
2123	10
2124	8
2125	6
2126	17
2127	10
2128	5
2129	9
2130	12
2131	16
2132	9
2133	14
2134	13
2135	9
2136	12
2137	20
2138	15
2139	16
2140	8
2141	8
2142	12
2143	10
2144	7
2145	14
2146	9
2147	14
2148	8
2149	10
2150	12
2151	11
2152	7
2153	14
2154	15
2155	13
2156	13
2157	9
2158	7
2159	12
2160	10
2161	15
2162	15
2163	9
2164	14
2165	12
2166	7
2167	9
2168	5
2169	18
2170	1
2171	9
2172	13
2173	10
2174	8
2175	10
2176	6
2177	9
2178	9
2179	10
2180	9
2181	9
2182	10
2183	6
2184	5
2185	5
2186	8
2187	7
2188	9
2189	8
2190	9
2191	10
2192	8
2193	11
2194	6
2195	10
2196	7
2197	3
2198	10
2199	6
2200	3
2201	6
2202	2
2203	5
2204	8
2205	4
2206	6
2207	14
2208	8
2209	5
2210	14
2211	8
2212	8
2213	6
2214	8
2215	7
2216	3
2217	12
2218	6
2219	9
2220	9
2221	8
2222	8
2223	4
2224	6
2225	7
2226	11
2227	13
2228	7
2229	7
2230	12
2231	6
2232	11
2233	6
2234	3
2235	7
2236	4
2237	7
2238	11
2239	10
2240	5
2241	9
2242	11
2243	6
2244	11
2245	10
2246	11
2247	6
2248	6
2249	8
2250	7
2251	5
2252	4
2253	7
2254	5
2255	11
2256	4
2257	6
2258	5
2259	7
2260	6
2261	7
2262	8
2263	5
2264	4
2265	7
2266	1
2267	10
2268	9
2269	6
2270	5
2271	4
2272	3
2273	7
2274	5
2275	3
2276	5
2277	4
2278	6
2279	3
2280	5
2281	7
2282	4
2283	5
2284	6
2285	3
2286	3
2287	4
2288	5
2289	3
2290	10
2291	5
2292	4
2293	2
2294	7
2295	3
2296	3
2297	5
2298	2
2299	5
2300	6
2301	4
2302	4
2303	7
2304	8
2305	2
2306	4
2307	4
2308	2
2309	6
2310	6
2311	7
2312	4
2313	3
2314	2
2315	7
2316	6
2317	6
2318	4
2319	4
2320	0
2321	5
2322	3
2323	2
2324	7
2325	1
2326	6
2327	2
2328	4
2329	2
2330	2
2331	15
2332	4
2333	5
2334	2
2335	3
2336	6
2337	3
2338	3
2339	4
2340	3
2341	3
2342	4
2343	5
2344	4
2345	4
2346	2
2347	6
2348	3
2349	4
2350	4
2351	1
2352	2
2353	4
2354	4
2355	4
2356	4
2357	2
2358	4
2359	5
2360	2
2361	7
2362	4
2363	4
2364	3
2365	5
2366	1
2367	4
2368	4
2369	4
2370	2
2371	2
2372	8
2373	2
2374	3
2375	3
2376	8
2377	5
2378	3
2379	5
2380	8
2381	4
2382	6
2383	4
2384	0
2385	4
2386	2
2387	1
2388	2
2389	2
2390	3
2391	8
2392	6
2393	4
2394	3
2395	4
2396	2
2397	4
2398	5
2399	2
2400	3
2401	4
2402	2
2403	3
2404	2
2405	4
2406	3
2407	4
2408	2
2409	1
2410	2
2411	3
2412	3
2413	2
2414	4
2415	2
2416	7
2417	5
2418	6
2419	4
2420	2
2421	2
2422	0
2423	3
2424	2
2425	1
2426	1
2427	6
2428	4
2429	2
2430	1
2431	3
2432	3
2433	4
2434	1
2435	7
2436	4
2437	3
2438	6
2439	4
2440	5
2441	3
2442	2
2443	1
2444	1
2445	0
2446	4
2447	0
2448	0
2449	3
2450	6
2451	1
2452	2
2453	5
2454	3
2455	2
2456	1
2457	4
2458	4
2459	6
2460	5
2461	0
2462	2
2463	4
2464	2
2465	6
2466	3
2467	3
2468	4
2469	2
2470	6
2471	1
2472	2
2473	7
2474	1
2475	4
2476	11
2477	1
2478	2
2479	4
2480	1
2481	7
2482	7
2483	6
2484	3
2485	4
2486	5
2487	4
2488	3
2489	4
2490	2
2491	4
2492	1
2493	5
2494	2
2495	1
2496	3
2497	1
2498	1
2499	1
2500	4
2501	6
2502	7
2503	2
2504	5
2505	3
2506	2
2507	3
2508	2
2509	5
2510	6
2511	3
2512	3
2513	7
2514	2
2515	0
2516	6
2517	2
2518	8
2519	3
2520	3
2521	4
2522	4
2523	2
2524	8
2525	4
2526	3
2527	2
2528	4
2529	6
2530	5
2531	6
2532	4
2533	3
2534	8
2535	2
2536	8
2537	3
2538	4
2539	2
2540	6
2541	3
2542	2
2543	5
2544	4
2545	3
2546	4
2547	4
2548	4
2549	4
2550	2
2551	3
2552	5
2553	6
2554	3
2555	11
2556	4
2557	3
2558	4
2559	4
2560	5
2561	4
2562	2
2563	5
2564	8
2565	5
2566	4
2567	1
2568	2
2569	1
2570	1
2571	2
2572	3
2573	3
2574	2
2575	6
2576	4
2577	3
2578	1
2579	2
2580	0
2581	2
2582	5
2583	7
2584	2
2585	4
2586	4
2587	3
2588	3
2589	3
2590	5
2591	6
2592	4
2593	5
2594	1
2595	5
2596	3
2597	1
2598	3
2599	3
2600	2
2601	1
2602	2
2603	1
2604	4
2605	4
2606	7
2607	1
2608	3
2609	5
2610	2
2611	3
2612	2
2613	2
2614	1
2615	2
2616	4
2617	3
2618	1
2619	2
2620	4
2621	5
2622	5
2623	4
2624	3
2625	3
2626	3
2627	0
2628	4
2629	5
2630	3
2631	4
2632	1
2633	4
2634	3
2635	2
2636	3
2637	3
2638	2
2639	5
2640	1
2641	5
2642	0
2643	0
2644	1
2645	3
2646	3
2647	2
2648	3
2649	4
2650	4
2651	6
2652	3
2653	1
2654	3
2655	1
2656	2
2657	6
2658	5
2659	3
2660	6
2661	2
2662	5
2663	2
2664	2
2665	3
2666	2
2667	2
2668	3
2669	5
2670	4
2671	2
2672	0
2673	2
2674	2
2675	2
2676	1
2677	4
2678	2
2679	2
2680	4
2681	5
2682	0
2683	1
2684	1
2685	2
2686	2
2687	1
2688	3
2689	0
2690	3
2691	4
2692	4
2693	2
2694	3
2695	0
2696	3
2697	5
2698	2
2699	5
2700	5
2701	1
2702	3
2703	1
2704	1
2705	3
2706	0
2707	3
2708	2
2709	1
2710	4
2711	0
2712	1
2713	1
2714	1
2715	2
2716	1
2717	4
2718	3
2719	4
2720	1
2721	2
2722	2
2723	2
2724	2
2725	1
2726	1
2727	3
2728	3
2729	3
2730	1
2731	3
2732	4
2733	3
2734	6
2735	1
2736	2
2737	0
2738	3
2739	7
2740	1
2741	3
2742	2
2743	3
2744	3
2745	2
2746	7
2747	1
2748	1
2749	2
2750	2
2751	5
2752	4
2753	1
2754	1
2755	1
2756	2
2757	1
2758	0
2759	1
2760	0
2761	4
2762	2
2763	3
2764	2
2765	1
2766	3
2767	2
2768	2
2769	6
2770	1
2771	5
2772	1
2773	4
2774	4
2775	2
2776	2
2777	4
2778	0
2779	5
2780	2
2781	6
2782	3
2783	0
2784	1
2785	2
2786	3
2787	1
2788	3
2789	1
2790	5
2791	2
2792	2
2793	1
2794	1
2795	1
2796	1
2797	3
2798	1
2799	4
2800	3
2801	1
2802	3
2803	2
2804	3
2805	2
2806	2
2807	2
2808	3
2809	2
2810	3
2811	4
2812	1
2813	2
2814	3
2815	1
2816	1
2817	1
2818	2
2819	0
2820	1
2821	0
2822	3
2823	2
2824	2
2825	2
2826	3
2827	1
2828	6
2829	2
2830	1
2831	1
2832	5
2833	1
2834	1
2835	2
2836	0
2837	6
2838	0
2839	1
2840	1
2841	4
2842	1
2843	7
2844	1
2845	2
2846	5
2847	3
2848	2
2849	4
2850	1
2851	4
2852	1
2853	1
2854	4
2855	1
2856	2
2857	0
2858	5
2859	1
2860	3
2861	1
2862	2
2863	1
2864	3
2865	3
2866	5
2867	2
2868	1
2869	3
2870	5
2871	2
2872	3
2873	2
2874	0
2875	3
2876	2
2877	1
2878	3
2879	0
2880	4
2881	0
2882	3
2883	4
2884	5
2885	4
2886	3
2887	1
2888	3
2889	6
2890	5
2891	2
2892	4
2893	1
2894	6
2895	2
2896	2
2897	1
2898	1
2899	2
2900	6
2901	1
2902	1
2903	0
2904	3
2905	2
2906	3
2907	2
2908	0
2909	1
2910	2
2911	4
2912	0
2913	2
2914	1
2915	1
2916	1
2917	5
2918	3
2919	1
2920	4
2921	3
2922	3
2923	0
2924	3
2925	4
2926	4
2927	2
2928	3
2929	2
2930	4
2931	1
2932	0
2933	2
2934	6
2935	0
2936	3
2937	1
2938	1
2939	3
2940	1
2941	1
2942	5
2943	1
2944	1
2945	4
2946	1
2947	0
2948	1
2949	1
2950	2
2951	2
2952	3
2953	6
2954	3
2955	0
2956	4
2957	2
2958	4
2959	1
2960	2
2961	0
2962	1
2963	3
2964	5
2965	0
2966	2
2967	0
2968	4
2969	2
2970	1
2971	2
2972	2
2973	4
2974	3
2975	4
2976	5
2977	2
2978	4
2979	1
2980	3
2981	2
2982	2
2983	0
2984	0
2985	1
2986	5
2987	2
2988	0
2989	1
2990	1
2991	1
2992	2
2993	3
2994	3
2995	1
2996	3
2997	3
2998	0
2999	1
3000	1
3001	2
3002	0
3003	1
3004	2
3005	0
3006	0
3007	0
3008	2
3009	0
3010	2
3011	1
3012	3
3013	1
3014	3
3015	1
3016	2
3017	2
3018	0
3019	1
3020	1
3021	3
3022	4
3023	2
3024	0
3025	1
3026	4
3027	4
3028	0
3029	1
3030	1
3031	2
3032	2
3033	3
3034	2
3035	1
3036	2
3037	1
3038	1
3039	1
3040	0
3041	1
3042	3
3043	1
3044	2
3045	1
3046	2
3047	0
3048	2
3049	4
3050	1
3051	0
3052	3
3053	0
3054	3
3055	4
3056	1
3057	2
3058	2
3059	2
3060	4
3061	2
3062	2
3063	2
3064	0
3065	3
3066	0
3067	2
3068	3
3069	0
3070	1
3071	0
3072	1
3073	2
3074	1
3075	5
3076	4
3077	1
3078	2
3079	1
3080	2
3081	0
3082	0
3083	4
3084	2
3085	2
3086	3
3087	1
3088	4
3089	1
3090	2
3091	0
3092	0
3093	2
3094	2
3095	0
3096	0
3097	4
3098	3
3099	3
3100	1
3101	0
3102	1
3103	1
3104	0
3105	1
3106	1
3107	3
3108	0
3109	2
3110	1
3111	2
3112	0
3113	0
3114	1
3115	1
3116	2
3117	2
3118	0
3119	0
3120	1
3121	2
3122	4
3123	3
3124	0
3125	1
3126	0
3127	4
3128	3
3129	3
3130	0
3131	1
3132	3
3133	2
3134	0
3135	2
3136	1
3137	1
3138	0
3139	2
3140	0
3141	0
3142	4
3143	1
3144	0
3145	2
3146	2
3147	1
3148	2
3149	0
3150	1
3151	2
3152	1
3153	1
3154	1
3155	2
3156	1
3157	2
3158	0
3159	0
3160	2
3161	1
3162	1
3163	2
3164	1
3165	2
3166	0
3167	1
3168	1
3169	2
3170	1
3171	0
3172	3
3173	1
3174	2
3175	1
3176	0
3177	1
3178	0
3179	1
3180	0
3181	2
3182	3
3183	2
3184	1
3185	3
3186	1
3187	3
3188	1
3189	0
3190	4
3191	0
3192	0
3193	0
3194	0
3195	0
3196	1
3197	1
3198	0
3199	0
3200	1
3201	0
3202	0
3203	2
3204	1
3205	2
3206	0
3207	0
3208	4
3209	0
3210	0
3211	1
3212	1
3213	1
3214	0
3215	1
3216	0
3217	1
3218	0
3219	0
3220	1
3221	0
3222	1
3223	1
3224	1
3225	3
3226	1
3227	1
3228	0
3229	0
3230	3
3231	0
3232	0
3233	0
3234	0
3235	0
3236	1
3237	1
3238	2
3239	0
3240	0
3241	0
3242	0
3243	1
3244	0
3245	0
3246	0
3247	1
3248	0
3249	1
3250	1
3251	0
3252	0
3253	0
3254	0
3255	0
3256	0
3257	1
3258	0
3259	0
3260	0
3261	2
3262	0
3263	0
3264	1
3265	2
3266	1
3267	1
3268	2
3269	0
3270	1
3271	1
3272	0
3273	1
3274	0
3275	3
3276	1
3277	2
3278	1
3279	0
3280	0
3281	1
3282	0
3283	0
3284	0
3285	0
3286	0
3287	0
3288	3
3289	0
3290	1
3291	0
3292	0
3293	0
3294	0
3295	1
3296	0
3297	1
3298	1
3299	0
3300	0
3301	2
3302	1
3303	0
3304	1
3305	0
3306	2
3307	1
3308	0
3309	2
3310	0
3311	0
3312	0
3313	1
3314	2
3315	0
3316	0
3317	1
3318	3
3319	1
3320	0
3321	0
3322	0
3323	1
3324	0
3325	1
3326	1
3327	2
3328	0
3329	2
3330	1
3331	1
3332	2
3333	0
3334	0
3335	0
3336	2
3337	1
3338	0
3339	2
3340	0
3341	0
3342	0
3343	0
3344	1
3345	1
3346	1
3347	2
3348	1
3349	1
3350	1
3351	0
3352	1
3353	1
3354	1
3355	1
3356	0
3357	1
3358	1
3359	0
3360	1
3361	2
3362	1
3363	0
3364	3
3365	0
3366	0
3367	1
3368	0
3369	0
3370	2
3371	0
3372	1
3373	0
3374	1
3375	0
3376	0
3377	0
3378	0
3379	1
3380	0
3381	1
3382	1
3383	0
3384	0
3385	0
3386	1
3387	0
3388	1
3389	3
3390	0
3391	0
3392	0
3393	1
3394	3
3395	0
3396	0
3397	2
3398	3
3399	0
3400	0
3401	2
3402	1
3403	0
3404	0
3405	1
3406	0
3407	1
3408	1
3409	0
3410	0
3411	0
3412	0
3413	1
3414	1
3415	1
3416	0
3417	0
3418	0
3419	0
3420	0
3421	0
3422	0
3423	1
3424	0
3425	0
3426	0
3427	0
3428	0
3429	0
3430	1
3431	1
3432	0
3433	1
3434	0
3435	0
3436	1
3437	1
3438	0
3439	0
3440	0
3441	0
3442	1
3443	0
3444	1
3445	3
3446	1
3447	0
3448	0
3449	0
3450	1
3451	0
3452	0
3453	0
3454	0
3455	0
3456	0
3457	0
3458	0
3459	1
3460	0
3461	0
3462	1
3463	0
3464	1
3465	2
3466	0
3467	1
3468	1
3469	0
3470	0
3471	0
3472	0
3473	1
3474	0
3475	2
3476	0
3477	0
3478	0
3479	0
3480	0
3481	2
3482	0
3483	1
3484	0
3485	0
3486	1
3487	1
3488	0
3489	0
3490	0
3491	0
3492	0
3493	0
3494	2
3495	0
3496	0
3497	1
3498	1
3499	0
3500	0
3501	0
3502	0
3503	0
3504	1
3505	0
3506	0
3507	1
3508	1
3509	0
3510	0
3511	0
3512	1
3513	2
3514	0
3515	0
3516	0
3517	2
3518	0
3519	0
3520	0
3521	0
3522	2
3523	0
3524	0
3525	0
3526	1
3527	0
3528	1
3529	2
3530	0
3531	0
3532	0
3533	0
3534	0
3535	1
3536	0
3537	0
3538	0
3539	1
3540	1
3541	0
3542	0
3543	0
3544	0
3545	0
3546	1
3547	0
3548	0
3549	0
3550	0
3551	0
3552	0
3553	0
3554	1
3555	0
3556	1
3557	0
3558	0
3559	1
3560	0
3561	0
3562	0
3563	0
3564	1
3565	0
3566	1
3567	0
3568	0
3569	0
3570	0
3571	0
3572	0
3573	0
3574	0
3575	0
3576	0
3577	1
3578	0
3579	1
3580	0
3581	1
3582	1
3583	0
3584	1
3585	0
3586	0
3587	0
3588	0
3589	0
3590	0
3591	0
3592	1
3593	0
3594	0
3595	0
3596	0
3597	1
3598	1
3599	0
3600	0
3601	0
3602	0
3603	1
3604	0
3605	0
3606	0
3607	0
3608	0
3609	0
3610	0
3611	0
3612	0
3613	0
3614	0
3615	0
3616	0
3617	0
3618	0
3619	0
3620	0
3621	0
3622	0
3623	0
3624	0
3625	0
3626	0
3627	0
3628	0
3629	1
3630	0
3631	0
3632	0
3633	0
3634	0
3635	0
3636	0
3637	2
3638	0
3639	1
3640	0
3641	0
3642	0
3643	0
3644	1
3645	0
3646	0
3647	0
3648	1
3649	0
3650	0
3651	0
3652	0
3653	0
3654	0
3655	0
3656	0
3657	1
3658	2
3659	1
3660	0
3661	0
3662	0
3663	0
3664	0
3665	0
3666	0
3667	0
3668	0
3669	0
3670	0
3671	0
3672	0
3673	1
3674	0
3675	0
3676	0
3677	1
3678	0
3679	0
3680	0
3681	0
3682	0
3683	0
3684	1
3685	0
3686	0
3687	0
3688	0
3689	0
3690	0
3691	0
3692	0
3693	0
3694	0
3695	0
3696	1
3697	0
3698	0
3699	0
3700	0
3701	2
3702	0
3703	1
3704	0
3705	1
3706	0
3707	0
3708	0
3709	0
3710	0
3711	0
3712	0
3713	1
3714	0
3715	0
3716	0
3717	0
3718	0
3719	0
3720	0
3721	0
3722	0
3723	0
3724	1
3725	1
3726	0
3727	0
3728	1
3729	0
3730	0
3731	0
3732	1
3733	0
3734	0
3735	0
3736	0
3737	0
3738	0
3739	0
3740	0
3741	0
3742	0
3743	0
3744	0
3745	0
3746	0
3747	0
3748	0
3749	0
3750	0
3751	1
3752	0
3753	0
3754	0
3755	0
3756	0
3757	0
3758	0
3759	0
3760	0
3761	0
3762	0
3763	0
3764	0
3765	0
3766	0
3767	0
3768	1
3769	0
3770	0
3771	0
3772	0
3773	0
3774	0
3775	0
3776	0
3777	0
3778	0
3779	0
3780	0
3781	0
3782	0
3783	0
3784	0
3785	0
3786	0
3787	0
3788	0
3789	0
3790	0
3791	0
3792	0
3793	0
3794	0
3795	0
3796	0
3797	0
3798	0
3799	0
3800	1
3801	0
3802	0
3803	0
3804	0
3805	0
3806	0
3807	0
3808	0
3809	0
3810	0
3811	0
3812	0
3813	0
3814	0
3815	0
3816	0
3817	0
3818	0
3819	0
3820	0
3821	0
3822	1
3823	0
3824	0
3825	0
3826	1
3827	0
3828	0
3829	0
3830	0
3831	0
3832	0
3833	0
3834	0
3835	0
3836	0
3837	0
3838	0
3839	0
3840	0
3841	0
3842	0
3843	0
3844	0
3845	0
3846	0
3847	0
3848	0
3849	0
3850	0
3851	0
3852	0
3853	0
3854	0
3855	0
3856	0
3857	0
3858	1
3859	0
3860	0
3861	0
3862	1
3863	0
3864	0
3865	0
3866	0
3867	0
3868	0
3869	0
3870	0
3871	0
3872	0
3873	0
3874	0
3875	0
3876	0
3877	0
3878	0
3879	0
3880	0
3881	0
3882	0
3883	0
3884	0
3885	0
3886	0
3887	0
3888	0
3889	0
3890	0
3891	0
3892	0
3893	0
3894	0
3895	0
3896	0
3897	0
3898	0
3899	0
3900	1
3901	0
3902	0
3903	0
3904	0
3905	0
3906	0
3907	0
3908	0
3909	0
3910	0
3911	0
3912	0
3913	0
3914	0
3915	0
3916	0
3917	0
3918	0
3919	0
3920	0
3921	1
3922	0
3923	0
3924	0
3925	0
3926	0
3927	0
3928	0
3929	0
3930	0
3931	0
3932	0
3933	0
3934	0
3935	0
3936	0
3937	0
3938	0
3939	0
3940	0
3941	0
3942	0
3943	0
3944	0
3945	0
3946	0
3947	0
3948	0
3949	0
3950	0
3951	0
3952	0
3953	0
3954	0
3955	0
3956	0
3957	0
3958	0
3959	0
3960	0
3961	0
3962	0
3963	0
3964	0
3965	0
3966	0
3967	0
3968	0
3969	0
3970	0
3971	0
3972	0
3973	0
3974	0
3975	0
3976	0
3977	0
3978	0
3979	0
3980	0
3981	0
3982	0
3983	0
3984	0
3985	0
3986	0
3987	0
3988	0
3989	0
3990	0
3991	0
3992	0
3993	0
3994	0
3995	0
3996	0
3997	0
3998	0
3999	0
4000	0
