Channel number	Impulses
Channel/#	Impulses/#

0	0
1	0
2	0
3	0
4	0
5	0
6	0
7	0
8	0
9	0
10	0
11	0
12	0
13	0
14	0
15	0
16	0
17	0
18	0
19	0
20	0
21	0
22	0
23	0
24	0
25	0
26	0
27	0
28	0
29	0
30	0
31	0
32	0
33	0
34	0
35	0
36	0
37	0
38	0
39	0
40	0
41	0
42	0
43	0
44	0
45	0
46	0
47	0
48	0
49	0
50	0
51	0
52	0
53	0
54	1
55	2
56	0
57	2
58	0
59	1
60	1
61	1
62	1
63	6
64	3
65	0
66	1
67	3
68	1
69	4
70	2
71	5
72	0
73	2
74	1
75	2
76	0
77	4
78	0
79	2
80	1
81	0
82	0
83	2
84	1
85	4
86	1
87	1
88	2
89	1
90	3
91	5
92	2
93	0
94	4
95	1
96	2
97	2
98	1
99	4
100	2
101	1
102	1
103	2
104	2
105	1
106	2
107	3
108	1
109	0
110	1
111	1
112	2
113	2
114	2
115	1
116	2
117	0
118	2
119	0
120	0
121	0
122	0
123	0
124	0
125	1
126	3
127	5
128	0
129	1
130	1
131	2
132	1
133	2
134	3
135	2
136	1
137	1
138	4
139	1
140	1
141	4
142	2
143	2
144	0
145	1
146	3
147	2
148	3
149	0
150	2
151	3
152	2
153	1
154	3
155	1
156	1
157	2
158	0
159	3
160	0
161	0
162	0
163	1
164	2
165	0
166	3
167	0
168	0
169	2
170	1
171	1
172	0
173	2
174	2
175	1
176	1
177	1
178	1
179	0
180	2
181	2
182	1
183	2
184	0
185	0
186	3
187	0
188	0
189	1
190	0
191	3
192	0
193	0
194	2
195	1
196	2
197	1
198	1
199	2
200	2
201	0
202	1
203	1
204	0
205	0
206	1
207	1
208	2
209	0
210	1
211	0
212	2
213	1
214	1
215	0
216	1
217	1
218	1
219	3
220	0
221	0
222	1
223	5
224	1
225	1
226	2
227	5
228	1
229	0
230	1
231	1
232	2
233	0
234	0
235	0
236	1
237	1
238	0
239	1
240	2
241	1
242	1
243	1
244	1
245	1
246	0
247	1
248	0
249	4
250	0
251	2
252	2
253	1
254	1
255	1
256	0
257	0
258	1
259	1
260	0
261	0
262	1
263	0
264	1
265	1
266	4
267	1
268	4
269	0
270	0
271	1
272	2
273	4
274	0
275	0
276	0
277	0
278	3
279	2
280	1
281	1
282	0
283	2
284	1
285	1
286	1
287	3
288	0
289	0
290	1
291	1
292	0
293	1
294	5
295	2
296	0
297	3
298	2
299	0
300	0
301	4
302	4
303	1
304	1
305	1
306	1
307	2
308	0
309	0
310	2
311	3
312	2
313	2
314	1
315	1
316	1
317	2
318	1
319	5
320	1
321	1
322	0
323	1
324	2
325	0
326	1
327	1
328	0
329	2
330	1
331	0
332	0
333	2
334	0
335	2
336	0
337	0
338	2
339	1
340	1
341	3
342	2
343	3
344	0
345	3
346	0
347	0
348	1
349	0
350	1
351	1
352	0
353	0
354	1
355	0
356	0
357	1
358	0
359	0
360	1
361	1
362	2
363	2
364	1
365	2
366	1
367	1
368	0
369	0
370	2
371	1
372	1
373	0
374	2
375	1
376	0
377	2
378	1
379	1
380	2
381	1
382	1
383	2
384	0
385	2
386	2
387	3
388	1
389	2
390	1
391	4
392	1
393	1
394	2
395	4
396	3
397	0
398	0
399	0
400	1
401	2
402	2
403	0
404	2
405	1
406	5
407	2
408	0
409	4
410	2
411	3
412	5
413	2
414	2
415	4
416	2
417	3
418	4
419	2
420	4
421	3
422	3
423	1
424	2
425	5
426	1
427	2
428	3
429	3
430	1
431	0
432	1
433	2
434	0
435	1
436	4
437	0
438	2
439	3
440	2
441	3
442	0
443	3
444	3
445	0
446	1
447	3
448	3
449	2
450	4
451	3
452	4
453	0
454	1
455	2
456	4
457	3
458	1
459	3
460	4
461	1
462	4
463	2
464	1
465	1
466	3
467	5
468	0
469	2
470	6
471	1
472	3
473	1
474	1
475	4
476	2
477	0
478	3
479	1
480	1
481	3
482	2
483	1
484	5
485	3
486	7
487	1
488	4
489	0
490	1
491	1
492	2
493	2
494	4
495	1
496	2
497	0
498	5
499	0
500	3
501	1
502	4
503	0
504	2
505	0
506	1
507	1
508	2
509	1
510	3
511	1
512	0
513	2
514	3
515	3
516	2
517	1
518	4
519	1
520	4
521	5
522	1
523	1
524	1
525	1
526	1
527	5
528	1
529	2
530	4
531	6
532	2
533	2
534	4
535	1
536	4
537	2
538	3
539	3
540	1
541	3
542	2
543	4
544	1
545	3
546	2
547	3
548	6
549	2
550	5
551	4
552	1
553	5
554	4
555	3
556	5
557	3
558	7
559	4
560	3
561	1
562	4
563	5
564	7
565	5
566	6
567	7
568	7
569	8
570	5
571	6
572	8
573	4
574	13
575	10
576	2
577	8
578	13
579	8
580	14
581	11
582	21
583	10
584	21
585	24
586	23
587	23
588	32
589	29
590	31
591	45
592	39
593	42
594	47
595	70
596	59
597	57
598	94
599	75
600	81
601	91
602	90
603	119
604	102
605	112
606	134
607	178
608	110
609	142
610	179
611	174
612	209
613	163
614	256
615	222
616	227
617	252
618	232
619	254
620	306
621	306
622	324
623	285
624	270
625	276
626	368
627	330
628	394
629	271
630	397
631	312
632	296
633	407
634	329
635	363
636	324
637	330
638	351
639	546
640	153
641	263
642	306
643	298
644	361
645	220
646	318
647	232
648	258
649	272
650	251
651	244
652	276
653	231
654	234
655	207
656	193
657	168
658	191
659	179
660	179
661	140
662	166
663	106
664	143
665	133
666	115
667	142
668	99
669	92
670	101
671	86
672	61
673	68
674	64
675	37
676	82
677	48
678	65
679	46
680	36
681	50
682	37
683	42
684	58
685	46
686	37
687	44
688	50
689	45
690	39
691	50
692	46
693	34
694	47
695	40
696	41
697	61
698	58
699	54
700	57
701	53
702	69
703	61
704	36
705	51
706	58
707	50
708	51
709	52
710	73
711	47
712	52
713	55
714	52
715	55
716	64
717	65
718	65
719	55
720	42
721	52
722	72
723	49
724	49
725	38
726	49
727	37
728	52
729	33
730	35
731	39
732	40
733	22
734	29
735	41
736	26
737	33
738	33
739	20
740	36
741	26
742	28
743	13
744	14
745	13
746	13
747	9
748	19
749	6
750	14
751	5
752	7
753	8
754	6
755	12
756	16
757	7
758	7
759	1
760	4
761	7
762	1
763	4
764	1
765	1
766	2
767	3
768	0
769	0
770	1
771	1
772	0
773	0
774	1
775	0
776	1
777	1
778	0
779	1
780	1
781	0
782	0
783	2
784	2
785	1
786	0
787	0
788	0
789	0
790	0
791	0
792	0
793	2
794	0
795	1
796	1
797	0
798	0
799	1
800	0
801	2
802	1
803	0
804	0
805	0
806	0
807	1
808	1
809	0
810	1
811	3
812	1
813	2
814	0
815	1
816	0
817	0
818	3
819	0
820	0
821	0
822	0
823	0
824	0
825	1
826	0
827	0
828	2
829	1
830	1
831	0
832	2
833	0
834	0
835	0
836	2
837	1
838	0
839	0
840	1
841	0
842	0
843	2
844	1
845	0
846	1
847	1
848	1
849	0
850	1
851	0
852	2
853	0
854	3
855	0
856	0
857	1
858	1
859	1
860	1
861	2
862	1
863	0
864	1
865	1
866	2
867	1
868	2
869	1
870	1
871	1
872	0
873	1
874	1
875	0
876	2
877	1
878	3
879	0
880	1
881	1
882	1
883	2
884	2
885	5
886	6
887	0
888	3
889	3
890	4
891	2
892	2
893	2
894	6
895	4
896	4
897	4
898	1
899	3
900	2
901	3
902	3
903	4
904	5
905	4
906	3
907	1
908	4
909	5
910	0
911	2
912	3
913	3
914	4
915	2
916	0
917	1
918	5
919	3
920	3
921	2
922	1
923	2
924	3
925	2
926	0
927	0
928	3
929	2
930	2
931	1
932	2
933	1
934	2
935	2
936	0
937	2
938	1
939	2
940	2
941	1
942	0
943	0
944	0
945	2
946	0
947	0
948	1
949	0
950	0
951	1
952	0
953	0
954	0
955	0
956	1
957	0
958	1
959	1
960	0
961	0
962	0
963	2
964	0
965	0
966	0
967	1
968	1
969	0
970	0
971	1
972	2
973	0
974	0
975	0
976	0
977	0
978	0
979	0
980	0
981	1
982	0
983	0
984	0
985	0
986	0
987	0
988	0
989	0
990	0
991	0
992	0
993	0
994	1
995	0
996	1
997	0
998	0
999	1
1000	1
1001	2
1002	1
1003	1
1004	0
1005	0
1006	1
1007	0
1008	0
1009	0
1010	3
1011	0
1012	1
1013	2
1014	3
1015	1
1016	0
1017	1
1018	1
1019	0
1020	1
1021	0
1022	1
1023	2
1024	0
1025	0
1026	1
1027	0
1028	0
1029	0
1030	3
1031	1
1032	1
1033	3
1034	0
1035	0
1036	1
1037	2
1038	1
1039	1
1040	1
1041	1
1042	1
1043	2
1044	0
1045	0
1046	0
1047	2
1048	0
1049	1
1050	2
1051	1
1052	2
1053	0
1054	2
1055	0
1056	1
1057	0
1058	2
1059	0
1060	0
1061	1
1062	3
1063	0
1064	1
1065	1
1066	0
1067	0
1068	1
1069	0
1070	1
1071	0
1072	0
1073	0
1074	0
1075	0
1076	0
1077	1
1078	0
1079	0
1080	0
1081	1
1082	0
1083	1
1084	0
1085	0
1086	1
1087	1
1088	1
1089	1
1090	1
1091	0
1092	0
1093	0
1094	2
1095	0
1096	0
1097	1
1098	0
1099	0
1100	0
1101	1
1102	3
1103	1
1104	0
1105	0
1106	0
1107	2
1108	0
1109	2
1110	0
1111	1
1112	2
1113	1
1114	0
1115	2
1116	1
1117	0
1118	2
1119	1
1120	0
1121	0
1122	2
1123	0
1124	0
1125	0
1126	0
1127	2
1128	0
1129	0
1130	0
1131	0
1132	2
1133	0
1134	2
1135	1
1136	0
1137	1
1138	0
1139	0
1140	0
1141	1
1142	1
1143	1
1144	0
1145	2
1146	1
1147	1
1148	0
1149	2
1150	1
1151	1
1152	0
1153	2
1154	2
1155	2
1156	0
1157	2
1158	0
1159	0
1160	2
1161	2
1162	0
1163	1
1164	1
1165	0
1166	0
1167	0
1168	1
1169	0
1170	0
1171	0
1172	1
1173	0
1174	0
1175	1
1176	0
1177	0
1178	0
1179	1
1180	0
1181	0
1182	0
1183	0
1184	1
1185	1
1186	0
1187	3
1188	0
1189	1
1190	0
1191	2
1192	0
1193	0
1194	0
1195	1
1196	2
1197	0
1198	1
1199	0
1200	1
1201	1
1202	0
1203	1
1204	2
1205	0
1206	0
1207	0
1208	0
1209	0
1210	0
1211	0
1212	0
1213	2
1214	0
1215	2
1216	1
1217	0
1218	3
1219	0
1220	2
1221	0
1222	1
1223	0
1224	0
1225	0
1226	1
1227	1
1228	0
1229	0
1230	1
1231	0
1232	1
1233	0
1234	2
1235	1
1236	0
1237	0
1238	2
1239	1
1240	1
1241	1
1242	0
1243	0
1244	0
1245	1
1246	3
1247	1
1248	1
1249	0
1250	0
1251	0
1252	1
1253	0
1254	1
1255	0
1256	0
1257	0
1258	0
1259	1
1260	1
1261	0
1262	0
1263	2
1264	0
1265	0
1266	0
1267	2
1268	2
1269	1
1270	0
1271	1
1272	1
1273	1
1274	0
1275	0
1276	1
1277	2
1278	0
1279	1
1280	0
1281	0
1282	0
1283	0
1284	0
1285	0
1286	0
1287	0
1288	0
1289	0
1290	0
1291	0
1292	1
1293	0
1294	0
1295	0
1296	1
1297	0
1298	0
1299	0
1300	0
1301	1
1302	0
1303	0
1304	0
1305	1
1306	1
1307	0
1308	2
1309	1
1310	1
1311	0
1312	0
1313	0
1314	0
1315	0
1316	0
1317	0
1318	0
1319	0
1320	0
1321	1
1322	0
1323	0
1324	0
1325	0
1326	1
1327	2
1328	1
1329	0
1330	1
1331	1
1332	3
1333	0
1334	0
1335	0
1336	1
1337	0
1338	0
1339	1
1340	0
1341	0
1342	0
1343	2
1344	1
1345	0
1346	0
1347	1
1348	0
1349	2
1350	0
1351	0
1352	0
1353	0
1354	0
1355	0
1356	0
1357	1
1358	1
1359	3
1360	2
1361	0
1362	0
1363	1
1364	0
1365	2
1366	0
1367	0
1368	0
1369	2
1370	1
1371	0
1372	0
1373	0
1374	1
1375	2
1376	0
1377	0
1378	0
1379	1
1380	0
1381	0
1382	1
1383	0
1384	1
1385	0
1386	0
1387	0
1388	1
1389	0
1390	0
1391	1
1392	0
1393	0
1394	1
1395	0
1396	0
1397	0
1398	2
1399	0
1400	3
1401	1
1402	1
1403	2
1404	0
1405	1
1406	0
1407	1
1408	0
1409	0
1410	2
1411	2
1412	3
1413	0
1414	3
1415	0
1416	3
1417	0
1418	0
1419	3
1420	1
1421	2
1422	0
1423	0
1424	2
1425	1
1426	0
1427	1
1428	0
1429	0
1430	1
1431	0
1432	0
1433	0
1434	1
1435	0
1436	2
1437	0
1438	0
1439	3
1440	0
1441	0
1442	0
1443	0
1444	0
1445	0
1446	0
1447	0
1448	0
1449	2
1450	3
1451	0
1452	3
1453	0
1454	0
1455	0
1456	0
1457	1
1458	0
1459	0
1460	2
1461	0
1462	0
1463	0
1464	0
1465	0
1466	0
1467	1
1468	1
1469	0
1470	0
1471	0
1472	0
1473	0
1474	0
1475	0
1476	0
1477	0
1478	0
1479	1
1480	2
1481	1
1482	0
1483	0
1484	0
1485	0
1486	1
1487	0
1488	1
1489	0
1490	0
1491	1
1492	0
1493	0
1494	1
1495	0
1496	2
1497	0
1498	0
1499	1
1500	1
1501	1
1502	0
1503	0
1504	1
1505	2
1506	0
1507	0
1508	0
1509	1
1510	1
1511	1
1512	0
1513	1
1514	0
1515	0
1516	1
1517	0
1518	1
1519	0
1520	1
1521	0
1522	0
1523	0
1524	1
1525	0
1526	0
1527	0
1528	0
1529	2
1530	1
1531	0
1532	0
1533	1
1534	0
1535	0
1536	0
1537	0
1538	1
1539	2
1540	0
1541	0
1542	1
1543	0
1544	0
1545	1
1546	0
1547	1
1548	1
1549	1
1550	1
1551	0
1552	0
1553	2
1554	0
1555	0
1556	1
1557	1
1558	1
1559	0
1560	1
1561	0
1562	1
1563	1
1564	1
1565	0
1566	1
1567	1
1568	0
1569	1
1570	1
1571	2
1572	1
1573	0
1574	0
1575	1
1576	0
1577	1
1578	0
1579	0
1580	0
1581	1
1582	1
1583	1
1584	0
1585	1
1586	1
1587	1
1588	1
1589	1
1590	1
1591	0
1592	0
1593	0
1594	0
1595	0
1596	1
1597	2
1598	1
1599	1
1600	0
1601	0
1602	1
1603	1
1604	1
1605	1
1606	0
1607	1
1608	1
1609	0
1610	0
1611	1
1612	0
1613	0
1614	0
1615	0
1616	0
1617	1
1618	1
1619	0
1620	0
1621	1
1622	1
1623	0
1624	2
1625	0
1626	0
1627	0
1628	1
1629	2
1630	0
1631	1
1632	1
1633	0
1634	0
1635	0
1636	1
1637	3
1638	1
1639	0
1640	0
1641	0
1642	0
1643	0
1644	0
1645	2
1646	0
1647	0
1648	0
1649	0
1650	0
1651	1
1652	0
1653	0
1654	1
1655	2
1656	1
1657	0
1658	1
1659	0
1660	0
1661	0
1662	0
1663	1
1664	0
1665	0
1666	0
1667	0
1668	1
1669	1
1670	1
1671	1
1672	1
1673	0
1674	0
1675	0
1676	4
1677	1
1678	1
1679	2
1680	0
1681	0
1682	0
1683	0
1684	0
1685	1
1686	0
1687	1
1688	0
1689	1
1690	1
1691	0
1692	0
1693	0
1694	1
1695	0
1696	0
1697	0
1698	0
1699	0
1700	2
1701	0
1702	1
1703	0
1704	0
1705	0
1706	0
1707	0
1708	3
1709	0
1710	1
1711	0
1712	0
1713	1
1714	0
1715	1
1716	0
1717	1
1718	0
1719	0
1720	0
1721	0
1722	0
1723	1
1724	0
1725	0
1726	2
1727	0
1728	1
1729	0
1730	1
1731	1
1732	0
1733	1
1734	2
1735	0
1736	0
1737	0
1738	0
1739	1
1740	1
1741	2
1742	0
1743	1
1744	2
1745	0
1746	0
1747	1
1748	0
1749	0
1750	0
1751	0
1752	0
1753	0
1754	0
1755	1
1756	1
1757	2
1758	1
1759	1
1760	2
1761	0
1762	0
1763	0
1764	0
1765	0
1766	2
1767	1
1768	0
1769	0
1770	0
1771	1
1772	1
1773	0
1774	1
1775	1
1776	1
1777	0
1778	0
1779	0
1780	0
1781	1
1782	1
1783	0
1784	0
1785	0
1786	0
1787	0
1788	0
1789	0
1790	0
1791	2
1792	0
1793	0
1794	2
1795	2
1796	0
1797	0
1798	2
1799	0
1800	0
1801	0
1802	0
1803	1
1804	0
1805	0
1806	0
1807	0
1808	0
1809	0
1810	0
1811	1
1812	0
1813	0
1814	1
1815	1
1816	1
1817	0
1818	0
1819	0
1820	0
1821	1
1822	0
1823	2
1824	1
1825	0
1826	2
1827	1
1828	0
1829	1
1830	0
1831	0
1832	1
1833	0
1834	2
1835	1
1836	0
1837	1
1838	2
1839	0
1840	2
1841	1
1842	0
1843	0
1844	0
1845	1
1846	1
1847	1
1848	1
1849	3
1850	1
1851	2
1852	1
1853	0
1854	2
1855	0
1856	1
1857	1
1858	2
1859	0
1860	1
1861	0
1862	4
1863	0
1864	1
1865	2
1866	2
1867	2
1868	3
1869	1
1870	3
1871	2
1872	1
1873	0
1874	0
1875	1
1876	1
1877	2
1878	2
1879	1
1880	3
1881	3
1882	1
1883	2
1884	1
1885	1
1886	2
1887	1
1888	5
1889	1
1890	2
1891	0
1892	3
1893	0
1894	1
1895	1
1896	2
1897	5
1898	0
1899	2
1900	2
1901	1
1902	2
1903	3
1904	1
1905	3
1906	2
1907	3
1908	4
1909	1
1910	2
1911	1
1912	1
1913	1
1914	0
1915	0
1916	4
1917	1
1918	2
1919	2
1920	1
1921	4
1922	3
1923	0
1924	1
1925	1
1926	2
1927	1
1928	1
1929	2
1930	0
1931	1
1932	2
1933	1
1934	3
1935	0
1936	2
1937	3
1938	2
1939	3
1940	0
1941	0
1942	2
1943	0
1944	3
1945	2
1946	2
1947	4
1948	2
1949	2
1950	1
1951	0
1952	1
1953	2
1954	1
1955	3
1956	4
1957	1
1958	4
1959	1
1960	1
1961	2
1962	3
1963	1
1964	6
1965	1
1966	3
1967	2
1968	4
1969	2
1970	6
1971	5
1972	4
1973	3
1974	3
1975	6
1976	2
1977	5
1978	0
1979	2
1980	3
1981	3
1982	7
1983	3
1984	2
1985	6
1986	2
1987	4
1988	4
1989	2
1990	3
1991	1
1992	2
1993	4
1994	3
1995	6
1996	1
1997	2
1998	1
1999	2
2000	0
2001	1
2002	2
2003	4
2004	0
2005	0
2006	1
2007	1
2008	3
2009	3
2010	0
2011	1
2012	1
2013	1
2014	2
2015	1
2016	1
2017	0
2018	2
2019	1
2020	0
2021	1
2022	3
2023	1
2024	0
2025	0
2026	0
2027	2
2028	2
2029	1
2030	1
2031	0
2032	0
2033	0
2034	1
2035	1
2036	0
2037	0
2038	0
2039	0
2040	0
2041	0
2042	0
2043	0
2044	2
2045	1
2046	0
2047	2
2048	0
2049	1
2050	0
2051	1
2052	0
2053	1
2054	1
2055	0
2056	1
2057	2
2058	0
2059	0
2060	0
2061	1
2062	0
2063	3
2064	0
2065	2
2066	0
2067	0
2068	0
2069	1
2070	1
2071	1
2072	1
2073	0
2074	0
2075	0
2076	1
2077	0
2078	0
2079	0
2080	0
2081	0
2082	1
2083	1
2084	1
2085	0
2086	1
2087	1
2088	0
2089	0
2090	0
2091	1
2092	1
2093	1
2094	1
2095	0
2096	0
2097	1
2098	0
2099	1
2100	0
2101	1
2102	0
2103	0
2104	0
2105	1
2106	0
2107	1
2108	0
2109	1
2110	0
2111	1
2112	2
2113	0
2114	0
2115	0
2116	0
2117	0
2118	1
2119	0
2120	1
2121	0
2122	1
2123	0
2124	0
2125	1
2126	1
2127	0
2128	1
2129	1
2130	1
2131	1
2132	0
2133	0
2134	0
2135	0
2136	1
2137	1
2138	0
2139	0
2140	0
2141	0
2142	0
2143	0
2144	0
2145	0
2146	0
2147	0
2148	1
2149	0
2150	0
2151	0
2152	0
2153	1
2154	2
2155	1
2156	1
2157	0
2158	1
2159	1
2160	0
2161	0
2162	0
2163	2
2164	2
2165	1
2166	0
2167	1
2168	0
2169	2
2170	1
2171	1
2172	1
2173	1
2174	1
2175	0
2176	0
2177	0
2178	2
2179	0
2180	0
2181	1
2182	0
2183	1
2184	1
2185	1
2186	1
2187	1
2188	1
2189	0
2190	1
2191	0
2192	0
2193	2
2194	0
2195	0
2196	0
2197	0
2198	0
2199	0
2200	0
2201	1
2202	0
2203	0
2204	2
2205	0
2206	0
2207	0
2208	0
2209	0
2210	0
2211	0
2212	0
2213	1
2214	1
2215	0
2216	0
2217	1
2218	0
2219	1
2220	1
2221	0
2222	0
2223	0
2224	0
2225	2
2226	0
2227	2
2228	0
2229	2
2230	1
2231	0
2232	1
2233	0
2234	0
2235	2
2236	1
2237	1
2238	1
2239	0
2240	1
2241	1
2242	0
2243	0
2244	0
2245	0
2246	0
2247	1
2248	0
2249	2
2250	0
2251	0
2252	0
2253	1
2254	0
2255	0
2256	0
2257	1
2258	1
2259	0
2260	0
2261	1
2262	0
2263	0
2264	1
2265	0
2266	0
2267	1
2268	0
2269	0
2270	0
2271	0
2272	0
2273	1
2274	0
2275	0
2276	0
2277	0
2278	1
2279	1
2280	0
2281	1
2282	1
2283	1
2284	0
2285	0
2286	0
2287	0
2288	0
2289	1
2290	0
2291	1
2292	1
2293	0
2294	1
2295	0
2296	0
2297	0
2298	2
2299	0
2300	0
2301	1
2302	0
2303	0
2304	2
2305	0
2306	1
2307	0
2308	0
2309	0
2310	0
2311	0
2312	0
2313	0
2314	0
2315	0
2316	0
2317	1
2318	0
2319	0
2320	0
2321	0
2322	0
2323	0
2324	0
2325	0
2326	0
2327	0
2328	1
2329	0
2330	1
2331	0
2332	0
2333	0
2334	1
2335	0
2336	0
2337	0
2338	0
2339	0
2340	0
2341	0
2342	0
2343	0
2344	0
2345	0
2346	0
2347	0
2348	1
2349	0
2350	0
2351	0
2352	0
2353	0
2354	1
2355	0
2356	0
2357	0
2358	1
2359	1
2360	0
2361	0
2362	0
2363	1
2364	1
2365	2
2366	0
2367	0
2368	0
2369	0
2370	1
2371	0
2372	0
2373	0
2374	0
2375	0
2376	0
2377	0
2378	0
2379	0
2380	0
2381	0
2382	1
2383	1
2384	0
2385	0
2386	0
2387	0
2388	1
2389	0
2390	1
2391	0
2392	0
2393	0
2394	0
2395	0
2396	1
2397	0
2398	0
2399	0
2400	0
2401	0
2402	0
2403	0
2404	1
2405	0
2406	0
2407	0
2408	1
2409	0
2410	1
2411	0
2412	0
2413	0
2414	1
2415	0
2416	0
2417	1
2418	1
2419	1
2420	0
2421	0
2422	0
2423	0
2424	0
2425	2
2426	0
2427	1
2428	1
2429	0
2430	0
2431	1
2432	0
2433	0
2434	0
2435	1
2436	0
2437	0
2438	0
2439	0
2440	1
2441	0
2442	0
2443	0
2444	0
2445	0
2446	0
2447	0
2448	0
2449	0
2450	0
2451	0
2452	1
2453	0
2454	0
2455	0
2456	0
2457	1
2458	0
2459	0
2460	0
2461	0
2462	0
2463	0
2464	0
2465	1
2466	0
2467	0
2468	0
2469	1
2470	0
2471	0
2472	0
2473	0
2474	0
2475	0
2476	0
2477	0
2478	0
2479	0
2480	0
2481	0
2482	1
2483	0
2484	0
2485	0
2486	1
2487	0
2488	0
2489	0
2490	2
2491	0
2492	0
2493	0
2494	0
2495	1
2496	0
2497	0
2498	1
2499	0
2500	0
2501	0
2502	2
2503	0
2504	0
2505	1
2506	0
2507	1
2508	1
2509	0
2510	1
2511	0
2512	0
2513	0
2514	1
2515	0
2516	1
2517	3
2518	0
2519	1
2520	0
2521	0
2522	0
2523	0
2524	0
2525	0
2526	1
2527	0
2528	0
2529	1
2530	0
2531	2
2532	0
2533	0
2534	0
2535	0
2536	0
2537	0
2538	0
2539	0
2540	0
2541	0
2542	0
2543	0
2544	0
2545	0
2546	0
2547	0
2548	0
2549	1
2550	0
2551	0
2552	0
2553	0
2554	0
2555	0
2556	0
2557	2
2558	1
2559	0
2560	0
2561	2
2562	0
2563	1
2564	0
2565	0
2566	0
2567	0
2568	0
2569	1
2570	1
2571	0
2572	1
2573	1
2574	0
2575	0
2576	0
2577	0
2578	0
2579	0
2580	0
2581	0
2582	1
2583	0
2584	0
2585	3
2586	0
2587	1
2588	1
2589	1
2590	0
2591	0
2592	0
2593	0
2594	1
2595	0
2596	0
2597	1
2598	0
2599	0
2600	0
2601	1
2602	0
2603	0
2604	1
2605	0
2606	0
2607	0
2608	0
2609	0
2610	0
2611	0
2612	0
2613	1
2614	0
2615	0
2616	0
2617	0
2618	0
2619	0
2620	0
2621	0
2622	0
2623	1
2624	0
2625	0
2626	0
2627	0
2628	0
2629	0
2630	0
2631	0
2632	0
2633	0
2634	0
2635	0
2636	0
2637	1
2638	0
2639	0
2640	0
2641	0
2642	1
2643	0
2644	0
2645	0
2646	1
2647	0
2648	0
2649	0
2650	0
2651	0
2652	0
2653	0
2654	0
2655	0
2656	0
2657	0
2658	0
2659	0
2660	0
2661	0
2662	0
2663	0
2664	1
2665	0
2666	2
2667	0
2668	0
2669	0
2670	1
2671	0
2672	0
2673	0
2674	0
2675	0
2676	0
2677	0
2678	0
2679	0
2680	0
2681	0
2682	0
2683	0
2684	0
2685	0
2686	0
2687	0
2688	0
2689	1
2690	1
2691	0
2692	0
2693	0
2694	0
2695	0
2696	0
2697	0
2698	0
2699	0
2700	0
2701	0
2702	0
2703	0
2704	0
2705	0
2706	1
2707	0
2708	0
2709	0
2710	0
2711	0
2712	0
2713	0
2714	0
2715	0
2716	0
2717	0
2718	0
2719	0
2720	0
2721	0
2722	0
2723	0
2724	1
2725	0
2726	0
2727	0
2728	0
2729	0
2730	0
2731	0
2732	0
2733	0
2734	0
2735	0
2736	0
2737	0
2738	0
2739	0
2740	0
2741	0
2742	1
2743	0
2744	0
2745	0
2746	0
2747	0
2748	0
2749	0
2750	0
2751	0
2752	0
2753	0
2754	0
2755	0
2756	0
2757	0
2758	0
2759	0
2760	1
2761	0
2762	0
2763	0
2764	0
2765	0
2766	0
2767	0
2768	0
2769	0
2770	1
2771	1
2772	1
2773	0
2774	0
2775	0
2776	0
2777	0
2778	0
2779	0
2780	0
2781	1
2782	0
2783	0
2784	0
2785	0
2786	0
2787	0
2788	0
2789	0
2790	1
2791	0
2792	0
2793	1
2794	1
2795	0
2796	0
2797	0
2798	0
2799	0
2800	0
2801	0
2802	0
2803	0
2804	0
2805	0
2806	1
2807	0
2808	0
2809	0
2810	0
2811	0
2812	0
2813	0
2814	0
2815	0
2816	0
2817	0
2818	0
2819	0
2820	0
2821	0
2822	0
2823	0
2824	0
2825	0
2826	0
2827	0
2828	0
2829	1
2830	0
2831	1
2832	0
2833	0
2834	0
2835	0
2836	0
2837	0
2838	0
2839	0
2840	0
2841	0
2842	0
2843	0
2844	0
2845	0
2846	1
2847	0
2848	1
2849	0
2850	0
2851	1
2852	0
2853	0
2854	1
2855	0
2856	0
2857	1
2858	0
2859	0
2860	0
2861	0
2862	0
2863	0
2864	0
2865	0
2866	0
2867	1
2868	0
2869	0
2870	0
2871	0
2872	0
2873	0
2874	0
2875	1
2876	1
2877	0
2878	0
2879	0
2880	0
2881	0
2882	0
2883	0
2884	0
2885	1
2886	0
2887	1
2888	0
2889	0
2890	0
2891	1
2892	0
2893	0
2894	0
2895	0
2896	1
2897	0
2898	0
2899	1
2900	0
2901	0
2902	1
2903	0
2904	1
2905	0
2906	0
2907	1
2908	0
2909	0
2910	0
2911	0
2912	0
2913	0
2914	0
2915	0
2916	0
2917	0
2918	0
2919	0
2920	0
2921	0
2922	0
2923	0
2924	0
2925	0
2926	0
2927	0
2928	1
2929	0
2930	0
2931	0
2932	0
2933	0
2934	1
2935	1
2936	1
2937	0
2938	0
2939	0
2940	0
2941	0
2942	0
2943	0
2944	0
2945	1
2946	0
2947	1
2948	0
2949	1
2950	0
2951	0
2952	0
2953	0
2954	0
2955	0
2956	0
2957	0
2958	0
2959	0
2960	1
2961	0
2962	0
2963	0
2964	0
2965	0
2966	0
2967	0
2968	0
2969	0
2970	0
2971	0
2972	0
2973	0
2974	0
2975	0
2976	0
2977	1
2978	0
2979	0
2980	0
2981	0
2982	0
2983	0
2984	0
2985	0
2986	0
2987	0
2988	0
2989	0
2990	0
2991	0
2992	0
2993	0
2994	0
2995	0
2996	0
2997	0
2998	0
2999	0
3000	0
3001	0
3002	0
3003	0
3004	0
3005	0
3006	0
3007	0
3008	1
3009	0
3010	0
3011	0
3012	0
3013	2
3014	0
3015	0
3016	0
3017	0
3018	0
3019	0
3020	0
3021	0
3022	0
3023	0
3024	0
3025	0
3026	0
3027	0
3028	0
3029	0
3030	0
3031	0
3032	0
3033	0
3034	0
3035	0
3036	0
3037	0
3038	0
3039	0
3040	0
3041	0
3042	0
3043	0
3044	0
3045	0
3046	0
3047	0
3048	0
3049	1
3050	0
3051	0
3052	0
3053	0
3054	0
3055	0
3056	0
3057	0
3058	0
3059	0
3060	0
3061	0
3062	0
3063	0
3064	0
3065	0
3066	0
3067	0
3068	0
3069	0
3070	0
3071	0
3072	0
3073	0
3074	0
3075	0
3076	0
3077	0
3078	1
3079	0
3080	0
3081	0
3082	0
3083	0
3084	0
3085	0
3086	0
3087	0
3088	0
3089	0
3090	0
3091	0
3092	0
3093	0
3094	0
3095	0
3096	0
3097	0
3098	0
3099	0
3100	0
3101	1
3102	0
3103	0
3104	0
3105	0
3106	0
3107	0
3108	1
3109	0
3110	0
3111	0
3112	0
3113	0
3114	0
3115	0
3116	2
3117	0
3118	0
3119	0
3120	0
3121	0
3122	1
3123	0
3124	0
3125	0
3126	0
3127	0
3128	0
3129	0
3130	0
3131	0
3132	0
3133	0
3134	0
3135	0
3136	0
3137	0
3138	0
3139	0
3140	0
3141	0
3142	1
3143	0
3144	0
3145	0
3146	0
3147	0
3148	0
3149	0
3150	0
3151	0
3152	0
3153	0
3154	0
3155	0
3156	0
3157	0
3158	0
3159	0
3160	0
3161	0
3162	0
3163	0
3164	0
3165	0
3166	1
3167	0
3168	0
3169	0
3170	0
3171	0
3172	0
3173	0
3174	0
3175	0
3176	0
3177	0
3178	0
3179	0
3180	1
3181	0
3182	0
3183	0
3184	0
3185	0
3186	0
3187	0
3188	0
3189	0
3190	0
3191	0
3192	0
3193	1
3194	0
3195	0
3196	0
3197	0
3198	0
3199	0
3200	0
3201	0
3202	0
3203	0
3204	0
3205	0
3206	0
3207	0
3208	0
3209	1
3210	0
3211	0
3212	1
3213	0
3214	0
3215	0
3216	0
3217	0
3218	0
3219	0
3220	0
3221	0
3222	0
3223	0
3224	1
3225	0
3226	0
3227	2
3228	0
3229	0
3230	0
3231	0
3232	1
3233	0
3234	0
3235	0
3236	0
3237	0
3238	0
3239	0
3240	0
3241	0
3242	0
3243	0
3244	0
3245	0
3246	0
3247	0
3248	0
3249	0
3250	0
3251	0
3252	0
3253	0
3254	0
3255	0
3256	0
3257	0
3258	0
3259	0
3260	0
3261	0
3262	0
3263	0
3264	0
3265	0
3266	0
3267	0
3268	0
3269	0
3270	0
3271	0
3272	1
3273	0
3274	0
3275	0
3276	0
3277	0
3278	0
3279	0
3280	0
3281	0
3282	0
3283	0
3284	0
3285	0
3286	0
3287	0
3288	0
3289	1
3290	0
3291	0
3292	0
3293	0
3294	0
3295	0
3296	0
3297	0
3298	0
3299	0
3300	0
3301	0
3302	0
3303	0
3304	0
3305	0
3306	0
3307	1
3308	0
3309	0
3310	0
3311	0
3312	0
3313	0
3314	0
3315	0
3316	0
3317	0
3318	0
3319	0
3320	0
3321	1
3322	0
3323	0
3324	0
3325	0
3326	0
3327	0
3328	0
3329	0
3330	0
3331	0
3332	0
3333	0
3334	0
3335	0
3336	0
3337	0
3338	0
3339	0
3340	0
3341	0
3342	0
3343	0
3344	0
3345	0
3346	0
3347	0
3348	1
3349	0
3350	0
3351	0
3352	0
3353	0
3354	0
3355	0
3356	0
3357	0
3358	0
3359	0
3360	0
3361	0
3362	0
3363	0
3364	0
3365	0
3366	0
3367	0
3368	0
3369	0
3370	0
3371	0
3372	0
3373	0
3374	0
3375	0
3376	0
3377	0
3378	0
3379	0
3380	0
3381	0
3382	0
3383	0
3384	0
3385	0
3386	0
3387	0
3388	0
3389	0
3390	0
3391	0
3392	0
3393	0
3394	0
3395	0
3396	1
3397	0
3398	0
3399	0
3400	0
3401	1
3402	0
3403	1
3404	0
3405	0
3406	0
3407	0
3408	0
3409	0
3410	0
3411	0
3412	0
3413	0
3414	0
3415	0
3416	0
3417	0
3418	0
3419	0
3420	0
3421	0
3422	0
3423	0
3424	0
3425	0
3426	0
3427	0
3428	0
3429	0
3430	0
3431	0
3432	0
3433	0
3434	0
3435	0
3436	0
3437	0
3438	0
3439	0
3440	0
3441	0
3442	0
3443	0
3444	0
3445	0
3446	0
3447	0
3448	0
3449	0
3450	0
3451	0
3452	0
3453	0
3454	0
3455	0
3456	0
3457	0
3458	0
3459	0
3460	0
3461	0
3462	0
3463	1
3464	0
3465	0
3466	0
3467	0
3468	0
3469	0
3470	0
3471	0
3472	0
3473	0
3474	0
3475	0
3476	0
3477	0
3478	0
3479	0
3480	0
3481	0
3482	0
3483	0
3484	0
3485	0
3486	0
3487	2
3488	0
3489	0
3490	0
3491	0
3492	0
3493	0
3494	0
3495	0
3496	0
3497	0
3498	0
3499	0
3500	0
3501	0
3502	0
3503	0
3504	0
3505	0
3506	0
3507	0
3508	0
3509	0
3510	0
3511	0
3512	0
3513	0
3514	0
3515	0
3516	1
3517	0
3518	0
3519	0
3520	1
3521	0
3522	0
3523	0
3524	0
3525	0
3526	0
3527	0
3528	0
3529	0
3530	0
3531	0
3532	0
3533	0
3534	0
3535	0
3536	0
3537	0
3538	0
3539	0
3540	0
3541	0
3542	0
3543	0
3544	0
3545	0
3546	0
3547	0
3548	0
3549	0
3550	0
3551	0
3552	0
3553	0
3554	0
3555	0
3556	0
3557	0
3558	0
3559	0
3560	0
3561	0
3562	0
3563	0
3564	0
3565	0
3566	0
3567	0
3568	0
3569	0
3570	0
3571	0
3572	0
3573	0
3574	1
3575	0
3576	0
3577	0
3578	0
3579	0
3580	0
3581	0
3582	0
3583	0
3584	0
3585	0
3586	0
3587	0
3588	0
3589	0
3590	0
3591	0
3592	0
3593	0
3594	0
3595	0
3596	0
3597	0
3598	0
3599	0
3600	0
3601	0
3602	0
3603	0
3604	0
3605	0
3606	0
3607	0
3608	0
3609	0
3610	0
3611	0
3612	0
3613	0
3614	0
3615	0
3616	0
3617	0
3618	0
3619	0
3620	0
3621	0
3622	0
3623	0
3624	0
3625	0
3626	0
3627	0
3628	0
3629	0
3630	0
3631	0
3632	0
3633	0
3634	0
3635	0
3636	0
3637	0
3638	0
3639	0
3640	0
3641	0
3642	0
3643	0
3644	0
3645	0
3646	0
3647	0
3648	0
3649	0
3650	0
3651	0
3652	0
3653	0
3654	0
3655	0
3656	0
3657	0
3658	0
3659	0
3660	0
3661	0
3662	0
3663	0
3664	0
3665	0
3666	0
3667	0
3668	0
3669	0
3670	0
3671	0
3672	0
3673	0
3674	0
3675	0
3676	0
3677	0
3678	0
3679	0
3680	0
3681	0
3682	0
3683	0
3684	0
3685	0
3686	0
3687	0
3688	0
3689	0
3690	0
3691	0
3692	0
3693	0
3694	0
3695	0
3696	0
3697	0
3698	0
3699	0
3700	0
3701	0
3702	0
3703	0
3704	0
3705	0
3706	0
3707	0
3708	0
3709	0
3710	0
3711	0
3712	0
3713	0
3714	0
3715	0
3716	0
3717	0
3718	0
3719	0
3720	0
3721	0
3722	0
3723	0
3724	0
3725	0
3726	0
3727	0
3728	0
3729	0
3730	0
3731	0
3732	0
3733	0
3734	0
3735	0
3736	0
3737	0
3738	0
3739	0
3740	0
3741	0
3742	0
3743	0
3744	0
3745	0
3746	0
3747	0
3748	0
3749	0
3750	0
3751	0
3752	0
3753	0
3754	0
3755	0
3756	0
3757	0
3758	0
3759	0
3760	0
3761	0
3762	0
3763	0
3764	0
3765	0
3766	0
3767	0
3768	0
3769	0
3770	0
3771	0
3772	0
3773	0
3774	0
3775	0
3776	0
3777	0
3778	0
3779	0
3780	0
3781	0
3782	0
3783	0
3784	0
3785	0
3786	0
3787	0
3788	0
3789	0
3790	0
3791	0
3792	0
3793	0
3794	0
3795	0
3796	0
3797	0
3798	0
3799	0
3800	0
3801	0
3802	0
3803	0
3804	0
3805	0
3806	0
3807	0
3808	0
3809	0
3810	0
3811	0
3812	0
3813	0
3814	0
3815	0
3816	0
3817	0
3818	0
3819	0
3820	1
3821	0
3822	0
3823	0
3824	0
3825	0
3826	0
3827	0
3828	0
3829	0
3830	0
3831	0
3832	0
3833	0
3834	0
3835	0
3836	0
3837	0
3838	0
3839	0
3840	0
3841	0
3842	0
3843	0
3844	0
3845	0
3846	0
3847	0
3848	0
3849	0
3850	0
3851	0
3852	0
3853	0
3854	0
3855	0
3856	0
3857	0
3858	0
3859	0
3860	0
3861	0
3862	0
3863	0
3864	0
3865	0
3866	0
3867	0
3868	0
3869	0
3870	0
3871	0
3872	0
3873	0
3874	0
3875	0
3876	0
3877	0
3878	0
3879	0
3880	0
3881	0
3882	0
3883	0
3884	0
3885	0
3886	0
3887	0
3888	0
3889	0
3890	0
3891	0
3892	0
3893	0
3894	0
3895	0
3896	0
3897	0
3898	0
3899	0
3900	0
3901	0
3902	0
3903	0
3904	0
3905	0
3906	0
3907	0
3908	0
3909	0
3910	0
3911	0
3912	0
3913	0
3914	0
3915	0
3916	0
3917	0
3918	0
3919	0
3920	0
3921	0
3922	0
3923	0
3924	0
3925	0
3926	0
3927	0
3928	0
3929	0
3930	1
3931	0
3932	0
3933	0
3934	0
3935	0
3936	0
3937	0
3938	0
3939	0
3940	0
3941	0
3942	0
3943	0
3944	0
3945	0
3946	0
3947	0
3948	0
3949	0
3950	0
3951	0
3952	0
3953	0
3954	0
3955	0
3956	0
3957	0
3958	0
3959	0
3960	0
3961	0
3962	0
3963	0
3964	0
3965	0
3966	0
3967	0
3968	0
3969	0
3970	0
3971	0
3972	0
3973	0
3974	0
3975	0
3976	0
3977	0
3978	0
3979	0
3980	0
3981	0
3982	0
3983	0
3984	0
3985	0
3986	0
3987	0
3988	0
3989	0
3990	0
3991	0
3992	0
3993	0
3994	0
3995	0
3996	0
3997	0
3998	0
3999	0
4000	0
