Channel number	Impulses
Channel/#	Impulses/#

0	0
1	0
2	0
3	0
4	0
5	0
6	0
7	0
8	0
9	0
10	0
11	0
12	0
13	0
14	0
15	0
16	0
17	0
18	0
19	0
20	0
21	0
22	0
23	0
24	0
25	0
26	0
27	0
28	0
29	0
30	0
31	0
32	0
33	0
34	0
35	0
36	0
37	0
38	0
39	0
40	0
41	0
42	0
43	0
44	0
45	0
46	0
47	0
48	0
49	0
50	0
51	0
52	0
53	0
54	0
55	0
56	0
57	0
58	1
59	1
60	3
61	1
62	0
63	2
64	3
65	2
66	4
67	2
68	1
69	1
70	2
71	2
72	1
73	1
74	2
75	1
76	1
77	4
78	3
79	1
80	1
81	0
82	2
83	3
84	1
85	2
86	1
87	0
88	1
89	1
90	3
91	2
92	6
93	3
94	4
95	1
96	4
97	2
98	6
99	3
100	2
101	1
102	3
103	1
104	2
105	1
106	2
107	1
108	3
109	3
110	5
111	3
112	3
113	3
114	0
115	2
116	1
117	2
118	2
119	2
120	1
121	5
122	3
123	1
124	0
125	1
126	0
127	3
128	1
129	1
130	4
131	4
132	1
133	2
134	1
135	1
136	4
137	1
138	1
139	4
140	5
141	0
142	4
143	0
144	1
145	1
146	2
147	2
148	1
149	3
150	3
151	2
152	1
153	0
154	0
155	5
156	6
157	3
158	1
159	4
160	1
161	1
162	3
163	1
164	3
165	4
166	2
167	3
168	1
169	2
170	1
171	3
172	1
173	2
174	2
175	4
176	1
177	1
178	1
179	2
180	1
181	0
182	1
183	1
184	1
185	4
186	2
187	4
188	0
189	3
190	1
191	3
192	1
193	3
194	2
195	0
196	2
197	0
198	1
199	0
200	1
201	0
202	3
203	2
204	2
205	5
206	1
207	4
208	3
209	1
210	2
211	2
212	2
213	4
214	0
215	1
216	2
217	1
218	0
219	1
220	2
221	1
222	3
223	1
224	1
225	0
226	5
227	1
228	3
229	3
230	2
231	1
232	2
233	2
234	0
235	3
236	5
237	2
238	2
239	1
240	1
241	3
242	1
243	3
244	3
245	1
246	3
247	2
248	3
249	1
250	1
251	3
252	2
253	4
254	1
255	1
256	1
257	2
258	2
259	4
260	0
261	2
262	2
263	1
264	0
265	3
266	1
267	5
268	4
269	0
270	3
271	0
272	1
273	1
274	2
275	3
276	1
277	1
278	1
279	1
280	0
281	0
282	2
283	0
284	0
285	4
286	1
287	7
288	2
289	2
290	1
291	1
292	1
293	0
294	3
295	0
296	1
297	3
298	1
299	3
300	2
301	0
302	0
303	1
304	6
305	2
306	0
307	1
308	0
309	1
310	2
311	0
312	2
313	1
314	3
315	3
316	1
317	2
318	0
319	1
320	1
321	0
322	1
323	2
324	4
325	1
326	2
327	3
328	2
329	1
330	1
331	5
332	1
333	3
334	3
335	1
336	1
337	0
338	1
339	3
340	2
341	0
342	1
343	1
344	2
345	3
346	0
347	2
348	2
349	1
350	0
351	0
352	2
353	0
354	1
355	1
356	3
357	1
358	3
359	3
360	0
361	2
362	2
363	1
364	0
365	2
366	1
367	1
368	0
369	2
370	3
371	1
372	2
373	1
374	3
375	1
376	0
377	2
378	3
379	0
380	2
381	0
382	2
383	3
384	1
385	1
386	2
387	1
388	3
389	4
390	2
391	2
392	2
393	1
394	0
395	0
396	3
397	0
398	1
399	0
400	1
401	0
402	1
403	2
404	0
405	0
406	6
407	2
408	1
409	1
410	2
411	0
412	2
413	4
414	1
415	0
416	1
417	3
418	4
419	1
420	1
421	2
422	3
423	0
424	1
425	2
426	0
427	1
428	2
429	1
430	3
431	0
432	3
433	0
434	1
435	1
436	0
437	1
438	0
439	3
440	0
441	3
442	2
443	1
444	0
445	1
446	3
447	0
448	0
449	0
450	1
451	2
452	6
453	2
454	3
455	1
456	1
457	2
458	4
459	2
460	2
461	0
462	2
463	0
464	1
465	2
466	0
467	0
468	2
469	1
470	1
471	4
472	1
473	4
474	2
475	1
476	4
477	0
478	4
479	3
480	2
481	2
482	2
483	2
484	2
485	2
486	3
487	3
488	1
489	1
490	3
491	4
492	3
493	3
494	2
495	1
496	0
497	2
498	0
499	0
500	1
501	2
502	2
503	0
504	3
505	2
506	1
507	1
508	1
509	0
510	4
511	0
512	0
513	2
514	1
515	1
516	1
517	2
518	1
519	4
520	1
521	2
522	4
523	1
524	1
525	1
526	0
527	1
528	1
529	1
530	4
531	3
532	1
533	1
534	1
535	1
536	1
537	2
538	0
539	3
540	1
541	2
542	0
543	1
544	0
545	1
546	3
547	2
548	3
549	1
550	2
551	0
552	0
553	2
554	2
555	4
556	2
557	0
558	1
559	3
560	0
561	2
562	1
563	2
564	2
565	0
566	1
567	3
568	0
569	4
570	2
571	5
572	2
573	1
574	1
575	3
576	1
577	3
578	1
579	3
580	1
581	1
582	2
583	0
584	0
585	4
586	1
587	2
588	2
589	0
590	2
591	2
592	1
593	3
594	3
595	4
596	0
597	1
598	4
599	1
600	1
601	3
602	3
603	0
604	0
605	3
606	2
607	0
608	2
609	3
610	2
611	4
612	0
613	0
614	0
615	2
616	2
617	2
618	1
619	2
620	3
621	2
622	2
623	3
624	2
625	0
626	4
627	2
628	1
629	2
630	2
631	1
632	1
633	0
634	3
635	1
636	5
637	2
638	4
639	3
640	2
641	2
642	0
643	3
644	3
645	1
646	0
647	3
648	4
649	2
650	4
651	1
652	3
653	0
654	1
655	0
656	4
657	2
658	2
659	2
660	0
661	1
662	2
663	0
664	2
665	1
666	4
667	2
668	1
669	2
670	1
671	5
672	0
673	2
674	2
675	0
676	3
677	4
678	2
679	2
680	1
681	1
682	3
683	1
684	4
685	2
686	0
687	0
688	2
689	3
690	4
691	3
692	1
693	1
694	1
695	2
696	0
697	5
698	2
699	4
700	0
701	0
702	0
703	2
704	0
705	1
706	2
707	3
708	3
709	0
710	4
711	3
712	1
713	2
714	1
715	1
716	1
717	1
718	1
719	1
720	1
721	1
722	0
723	3
724	1
725	0
726	3
727	4
728	1
729	3
730	0
731	5
732	0
733	2
734	2
735	4
736	1
737	1
738	1
739	3
740	2
741	3
742	1
743	1
744	3
745	2
746	0
747	2
748	1
749	1
750	1
751	0
752	1
753	1
754	5
755	0
756	3
757	3
758	4
759	3
760	2
761	3
762	1
763	2
764	2
765	3
766	1
767	2
768	0
769	2
770	3
771	1
772	2
773	1
774	6
775	2
776	4
777	0
778	0
779	2
780	1
781	4
782	3
783	2
784	2
785	5
786	0
787	1
788	1
789	0
790	1
791	3
792	3
793	3
794	3
795	1
796	1
797	0
798	3
799	3
800	3
801	3
802	2
803	1
804	4
805	0
806	3
807	2
808	1
809	4
810	5
811	3
812	4
813	3
814	6
815	3
816	3
817	3
818	4
819	3
820	4
821	2
822	5
823	2
824	1
825	5
826	2
827	0
828	3
829	2
830	2
831	5
832	4
833	2
834	6
835	0
836	2
837	1
838	4
839	3
840	2
841	2
842	1
843	3
844	2
845	1
846	8
847	0
848	2
849	4
850	1
851	4
852	2
853	4
854	1
855	0
856	7
857	1
858	2
859	3
860	2
861	3
862	2
863	3
864	2
865	2
866	3
867	4
868	3
869	1
870	1
871	5
872	5
873	4
874	4
875	6
876	5
877	2
878	1
879	4
880	3
881	2
882	5
883	5
884	4
885	3
886	3
887	3
888	3
889	6
890	5
891	2
892	7
893	8
894	5
895	10
896	2
897	3
898	6
899	3
900	3
901	3
902	4
903	1
904	5
905	4
906	8
907	5
908	7
909	4
910	4
911	3
912	2
913	9
914	6
915	6
916	6
917	5
918	4
919	5
920	8
921	3
922	3
923	7
924	10
925	10
926	7
927	3
928	5
929	6
930	8
931	6
932	5
933	5
934	5
935	4
936	6
937	5
938	3
939	7
940	8
941	6
942	7
943	4
944	9
945	8
946	9
947	10
948	2
949	10
950	4
951	9
952	5
953	12
954	14
955	9
956	3
957	10
958	11
959	9
960	8
961	17
962	15
963	4
964	14
965	4
966	15
967	5
968	11
969	16
970	9
971	6
972	9
973	8
974	11
975	16
976	7
977	8
978	7
979	13
980	7
981	12
982	4
983	6
984	14
985	11
986	10
987	4
988	9
989	9
990	7
991	3
992	9
993	9
994	9
995	5
996	8
997	2
998	2
999	11
1000	6
1001	12
1002	8
1003	4
1004	15
1005	6
1006	2
1007	4
1008	8
1009	3
1010	7
1011	2
1012	7
1013	4
1014	9
1015	3
1016	4
1017	8
1018	4
1019	3
1020	5
1021	4
1022	6
1023	5
1024	1
1025	4
1026	1
1027	3
1028	2
1029	7
1030	4
1031	5
1032	8
1033	5
1034	6
1035	7
1036	4
1037	1
1038	7
1039	3
1040	4
1041	6
1042	4
1043	2
1044	6
1045	1
1046	8
1047	3
1048	3
1049	5
1050	3
1051	6
1052	3
1053	3
1054	5
1055	6
1056	1
1057	5
1058	7
1059	4
1060	11
1061	4
1062	7
1063	10
1064	1
1065	14
1066	6
1067	14
1068	7
1069	14
1070	11
1071	8
1072	12
1073	9
1074	14
1075	17
1076	15
1077	17
1078	12
1079	16
1080	12
1081	15
1082	17
1083	25
1084	15
1085	20
1086	31
1087	33
1088	19
1089	31
1090	36
1091	37
1092	45
1093	31
1094	61
1095	58
1096	57
1097	63
1098	59
1099	67
1100	76
1101	54
1102	73
1103	89
1104	58
1105	90
1106	84
1107	108
1108	101
1109	80
1110	107
1111	100
1112	111
1113	112
1114	119
1115	126
1116	131
1117	152
1118	141
1119	185
1120	109
1121	144
1122	153
1123	166
1124	161
1125	129
1126	206
1127	162
1128	137
1129	178
1130	143
1131	177
1132	173
1133	164
1134	159
1135	162
1136	142
1137	178
1138	178
1139	186
1140	173
1141	106
1142	187
1143	154
1144	146
1145	181
1146	132
1147	151
1148	148
1149	143
1150	159
1151	213
1152	52
1153	111
1154	115
1155	120
1156	120
1157	109
1158	119
1159	79
1160	75
1161	100
1162	89
1163	72
1164	82
1165	76
1166	69
1167	62
1168	67
1169	45
1170	58
1171	62
1172	61
1173	36
1174	61
1175	35
1176	37
1177	34
1178	30
1179	40
1180	35
1181	30
1182	29
1183	34
1184	12
1185	20
1186	20
1187	14
1188	27
1189	13
1190	24
1191	15
1192	8
1193	6
1194	8
1195	11
1196	6
1197	7
1198	14
1199	10
1200	5
1201	3
1202	8
1203	7
1204	4
1205	8
1206	6
1207	5
1208	3
1209	8
1210	3
1211	4
1212	3
1213	9
1214	4
1215	9
1216	1
1217	3
1218	5
1219	7
1220	4
1221	5
1222	4
1223	6
1224	3
1225	6
1226	4
1227	5
1228	8
1229	3
1230	9
1231	5
1232	7
1233	7
1234	6
1235	7
1236	8
1237	7
1238	10
1239	6
1240	7
1241	3
1242	7
1243	4
1244	5
1245	8
1246	11
1247	6
1248	2
1249	7
1250	10
1251	4
1252	5
1253	4
1254	9
1255	6
1256	3
1257	5
1258	8
1259	4
1260	7
1261	7
1262	9
1263	6
1264	4
1265	3
1266	4
1267	2
1268	3
1269	0
1270	6
1271	3
1272	3
1273	2
1274	3
1275	3
1276	4
1277	5
1278	2
1279	4
1280	0
1281	1
1282	4
1283	5
1284	6
1285	3
1286	6
1287	6
1288	5
1289	4
1290	3
1291	4
1292	5
1293	6
1294	11
1295	5
1296	5
1297	10
1298	8
1299	3
1300	6
1301	3
1302	8
1303	4
1304	3
1305	7
1306	9
1307	11
1308	12
1309	8
1310	9
1311	9
1312	8
1313	12
1314	12
1315	10
1316	12
1317	13
1318	10
1319	19
1320	6
1321	14
1322	11
1323	21
1324	19
1325	16
1326	25
1327	10
1328	23
1329	22
1330	17
1331	25
1332	17
1333	21
1334	35
1335	22
1336	23
1337	34
1338	12
1339	49
1340	45
1341	43
1342	45
1343	45
1344	19
1345	35
1346	47
1347	48
1348	55
1349	44
1350	65
1351	42
1352	58
1353	77
1354	66
1355	70
1356	99
1357	87
1358	95
1359	77
1360	68
1361	90
1362	113
1363	109
1364	79
1365	67
1366	127
1367	85
1368	112
1369	102
1370	122
1371	129
1372	135
1373	115
1374	141
1375	143
1376	126
1377	121
1378	147
1379	133
1380	178
1381	118
1382	173
1383	125
1384	127
1385	153
1386	123
1387	145
1388	164
1389	143
1390	143
1391	126
1392	95
1393	144
1394	139
1395	124
1396	136
1397	112
1398	152
1399	115
1400	112
1401	129
1402	90
1403	120
1404	113
1405	106
1406	124
1407	135
1408	61
1409	82
1410	112
1411	82
1412	94
1413	71
1414	80
1415	60
1416	79
1417	81
1418	73
1419	64
1420	77
1421	54
1422	63
1423	36
1424	63
1425	37
1426	55
1427	51
1428	43
1429	28
1430	46
1431	22
1432	32
1433	31
1434	25
1435	35
1436	22
1437	26
1438	31
1439	35
1440	22
1441	20
1442	16
1443	12
1444	18
1445	12
1446	25
1447	7
1448	7
1449	13
1450	5
1451	15
1452	11
1453	9
1454	7
1455	6
1456	9
1457	7
1458	7
1459	5
1460	11
1461	2
1462	3
1463	1
1464	4
1465	5
1466	8
1467	1
1468	6
1469	3
1470	4
1471	7
1472	2
1473	3
1474	1
1475	3
1476	3
1477	0
1478	1
1479	3
1480	3
1481	1
1482	1
1483	2
1484	2
1485	2
1486	2
1487	2
1488	1
1489	2
1490	1
1491	2
1492	3
1493	0
1494	1
1495	1
1496	2
1497	3
1498	1
1499	2
1500	0
1501	1
1502	1
1503	2
1504	1
1505	0
1506	3
1507	2
1508	1
1509	1
1510	2
1511	0
1512	1
1513	1
1514	1
1515	2
1516	2
1517	1
1518	0
1519	1
1520	0
1521	2
1522	2
1523	2
1524	0
1525	2
1526	2
1527	0
1528	1
1529	1
1530	0
1531	2
1532	1
1533	0
1534	1
1535	0
1536	0
1537	0
1538	2
1539	0
1540	3
1541	1
1542	1
1543	2
1544	0
1545	0
1546	2
1547	3
1548	5
1549	1
1550	0
1551	1
1552	1
1553	2
1554	1
1555	1
1556	1
1557	3
1558	3
1559	1
1560	2
1561	1
1562	1
1563	4
1564	1
1565	1
1566	0
1567	1
1568	1
1569	2
1570	0
1571	2
1572	2
1573	1
1574	3
1575	4
1576	3
1577	2
1578	4
1579	4
1580	6
1581	0
1582	6
1583	0
1584	2
1585	2
1586	1
1587	7
1588	3
1589	5
1590	2
1591	4
1592	1
1593	2
1594	0
1595	7
1596	2
1597	0
1598	4
1599	5
1600	8
1601	3
1602	3
1603	2
1604	3
1605	2
1606	4
1607	3
1608	2
1609	8
1610	3
1611	10
1612	7
1613	10
1614	11
1615	6
1616	3
1617	5
1618	5
1619	8
1620	7
1621	9
1622	10
1623	7
1624	13
1625	8
1626	7
1627	11
1628	7
1629	7
1630	10
1631	13
1632	8
1633	8
1634	19
1635	15
1636	11
1637	11
1638	11
1639	13
1640	7
1641	16
1642	22
1643	11
1644	13
1645	14
1646	11
1647	12
1648	13
1649	15
1650	19
1651	12
1652	9
1653	7
1654	12
1655	11
1656	11
1657	17
1658	17
1659	14
1660	10
1661	12
1662	15
1663	12
1664	9
1665	12
1666	17
1667	13
1668	14
1669	8
1670	13
1671	7
1672	16
1673	13
1674	13
1675	9
1676	17
1677	6
1678	8
1679	7
1680	8
1681	12
1682	13
1683	7
1684	11
1685	8
1686	8
1687	5
1688	1
1689	3
1690	3
1691	3
1692	8
1693	4
1694	8
1695	3
1696	2
1697	3
1698	4
1699	7
1700	8
1701	4
1702	8
1703	7
1704	1
1705	5
1706	7
1707	1
1708	5
1709	5
1710	3
1711	1
1712	5
1713	4
1714	6
1715	4
1716	2
1717	1
1718	4
1719	2
1720	2
1721	2
1722	2
1723	5
1724	4
1725	3
1726	3
1727	3
1728	2
1729	2
1730	2
1731	2
1732	6
1733	1
1734	4
1735	0
1736	3
1737	2
1738	1
1739	3
1740	3
1741	1
1742	5
1743	4
1744	3
1745	3
1746	2
1747	0
1748	0
1749	1
1750	0
1751	2
1752	1
1753	2
1754	2
1755	0
1756	3
1757	1
1758	1
1759	0
1760	1
1761	1
1762	1
1763	1
1764	3
1765	0
1766	0
1767	1
1768	0
1769	1
1770	0
1771	2
1772	2
1773	0
1774	1
1775	0
1776	1
1777	1
1778	2
1779	1
1780	2
1781	0
1782	0
1783	1
1784	0
1785	1
1786	1
1787	1
1788	0
1789	0
1790	2
1791	1
1792	2
1793	0
1794	3
1795	0
1796	1
1797	1
1798	2
1799	2
1800	0
1801	1
1802	2
1803	2
1804	2
1805	0
1806	0
1807	2
1808	2
1809	2
1810	0
1811	0
1812	0
1813	0
1814	0
1815	1
1816	0
1817	0
1818	0
1819	1
1820	2
1821	1
1822	0
1823	1
1824	2
1825	1
1826	0
1827	1
1828	1
1829	0
1830	2
1831	0
1832	0
1833	2
1834	1
1835	0
1836	0
1837	0
1838	1
1839	2
1840	0
1841	0
1842	1
1843	0
1844	1
1845	0
1846	1
1847	1
1848	1
1849	2
1850	0
1851	3
1852	2
1853	1
1854	1
1855	0
1856	0
1857	1
1858	0
1859	0
1860	3
1861	1
1862	0
1863	0
1864	2
1865	3
1866	0
1867	1
1868	1
1869	2
1870	0
1871	1
1872	2
1873	1
1874	4
1875	1
1876	1
1877	4
1878	0
1879	1
1880	1
1881	2
1882	1
1883	1
1884	1
1885	2
1886	1
1887	3
1888	0
1889	4
1890	1
1891	0
1892	3
1893	0
1894	0
1895	2
1896	1
1897	0
1898	3
1899	1
1900	2
1901	1
1902	0
1903	1
1904	2
1905	2
1906	2
1907	5
1908	0
1909	3
1910	3
1911	0
1912	1
1913	0
1914	5
1915	4
1916	2
1917	2
1918	0
1919	2
1920	2
1921	0
1922	1
1923	0
1924	3
1925	0
1926	6
1927	0
1928	1
1929	2
1930	4
1931	1
1932	1
1933	2
1934	3
1935	2
1936	2
1937	2
1938	4
1939	2
1940	1
1941	1
1942	4
1943	1
1944	3
1945	3
1946	2
1947	1
1948	3
1949	4
1950	2
1951	2
1952	2
1953	0
1954	3
1955	3
1956	8
1957	4
1958	5
1959	1
1960	2
1961	6
1962	2
1963	2
1964	2
1965	3
1966	3
1967	3
1968	4
1969	3
1970	3
1971	3
1972	3
1973	2
1974	2
1975	5
1976	4
1977	2
1978	4
1979	2
1980	5
1981	3
1982	5
1983	5
1984	4
1985	1
1986	5
1987	2
1988	5
1989	4
1990	3
1991	0
1992	9
1993	3
1994	4
1995	1
1996	1
1997	2
1998	3
1999	1
2000	3
2001	2
2002	2
2003	2
2004	2
2005	1
2006	2
2007	1
2008	2
2009	1
2010	0
2011	2
2012	1
2013	1
2014	0
2015	2
2016	1
2017	1
2018	3
2019	1
2020	0
2021	0
2022	1
2023	1
2024	1
2025	1
2026	1
2027	0
2028	0
2029	0
2030	2
2031	0
2032	0
2033	1
2034	0
2035	0
2036	2
2037	0
2038	0
2039	1
2040	0
2041	0
2042	0
2043	0
2044	0
2045	1
2046	0
2047	1
2048	1
2049	0
2050	1
2051	0
2052	1
2053	3
2054	1
2055	0
2056	1
2057	1
2058	0
2059	1
2060	1
2061	0
2062	0
2063	2
2064	0
2065	1
2066	1
2067	0
2068	1
2069	0
2070	0
2071	0
2072	0
2073	0
2074	0
2075	2
2076	0
2077	1
2078	1
2079	0
2080	0
2081	2
2082	0
2083	1
2084	0
2085	2
2086	0
2087	1
2088	0
2089	0
2090	0
2091	0
2092	1
2093	0
2094	0
2095	2
2096	0
2097	1
2098	2
2099	0
2100	1
2101	1
2102	1
2103	0
2104	0
2105	1
2106	0
2107	0
2108	1
2109	0
2110	1
2111	0
2112	0
2113	2
2114	0
2115	0
2116	1
2117	0
2118	2
2119	0
2120	0
2121	0
2122	0
2123	0
2124	2
2125	0
2126	0
2127	1
2128	0
2129	1
2130	2
2131	0
2132	0
2133	0
2134	1
2135	0
2136	0
2137	1
2138	1
2139	0
2140	1
2141	0
2142	1
2143	0
2144	2
2145	0
2146	0
2147	0
2148	1
2149	0
2150	1
2151	1
2152	0
2153	1
2154	0
2155	1
2156	0
2157	1
2158	1
2159	0
2160	1
2161	0
2162	1
2163	0
2164	0
2165	0
2166	2
2167	1
2168	0
2169	2
2170	0
2171	1
2172	1
2173	0
2174	0
2175	0
2176	1
2177	0
2178	0
2179	1
2180	1
2181	0
2182	2
2183	1
2184	2
2185	2
2186	0
2187	1
2188	1
2189	0
2190	0
2191	0
2192	0
2193	3
2194	0
2195	1
2196	2
2197	2
2198	2
2199	0
2200	1
2201	0
2202	2
2203	2
2204	2
2205	1
2206	2
2207	2
2208	3
2209	0
2210	0
2211	1
2212	1
2213	0
2214	1
2215	0
2216	0
2217	2
2218	2
2219	0
2220	0
2221	0
2222	3
2223	0
2224	0
2225	1
2226	1
2227	3
2228	0
2229	0
2230	0
2231	0
2232	0
2233	1
2234	0
2235	2
2236	0
2237	0
2238	1
2239	1
2240	1
2241	0
2242	1
2243	2
2244	0
2245	3
2246	2
2247	0
2248	0
2249	2
2250	0
2251	1
2252	0
2253	1
2254	0
2255	0
2256	0
2257	1
2258	0
2259	1
2260	1
2261	2
2262	0
2263	2
2264	1
2265	1
2266	0
2267	1
2268	1
2269	1
2270	0
2271	0
2272	3
2273	1
2274	1
2275	3
2276	0
2277	1
2278	0
2279	0
2280	0
2281	0
2282	1
2283	0
2284	2
2285	1
2286	0
2287	0
2288	0
2289	1
2290	0
2291	1
2292	0
2293	0
2294	0
2295	0
2296	0
2297	0
2298	0
2299	0
2300	0
2301	0
2302	1
2303	0
2304	1
2305	0
2306	1
2307	0
2308	0
2309	0
2310	0
2311	1
2312	0
2313	0
2314	1
2315	1
2316	0
2317	1
2318	1
2319	0
2320	0
2321	0
2322	0
2323	0
2324	0
2325	1
2326	0
2327	0
2328	1
2329	1
2330	0
2331	2
2332	0
2333	1
2334	0
2335	1
2336	0
2337	0
2338	0
2339	1
2340	0
2341	0
2342	0
2343	0
2344	0
2345	1
2346	1
2347	0
2348	0
2349	0
2350	0
2351	0
2352	2
2353	0
2354	0
2355	0
2356	0
2357	0
2358	1
2359	0
2360	1
2361	0
2362	0
2363	0
2364	0
2365	0
2366	1
2367	1
2368	0
2369	0
2370	0
2371	0
2372	0
2373	0
2374	0
2375	0
2376	0
2377	0
2378	0
2379	0
2380	0
2381	0
2382	0
2383	1
2384	0
2385	0
2386	0
2387	1
2388	1
2389	0
2390	0
2391	0
2392	0
2393	1
2394	0
2395	0
2396	0
2397	0
2398	1
2399	0
2400	0
2401	0
2402	0
2403	0
2404	0
2405	0
2406	0
2407	1
2408	0
2409	0
2410	0
2411	0
2412	0
2413	1
2414	0
2415	0
2416	1
2417	1
2418	0
2419	0
2420	0
2421	0
2422	0
2423	0
2424	1
2425	0
2426	1
2427	0
2428	0
2429	0
2430	1
2431	0
2432	0
2433	0
2434	0
2435	1
2436	0
2437	0
2438	0
2439	0
2440	0
2441	0
2442	0
2443	0
2444	0
2445	0
2446	2
2447	0
2448	0
2449	0
2450	0
2451	0
2452	0
2453	0
2454	0
2455	0
2456	2
2457	1
2458	1
2459	1
2460	1
2461	0
2462	0
2463	0
2464	0
2465	0
2466	0
2467	0
2468	2
2469	1
2470	0
2471	1
2472	1
2473	0
2474	0
2475	0
2476	0
2477	0
2478	1
2479	1
2480	1
2481	0
2482	0
2483	0
2484	1
2485	0
2486	0
2487	1
2488	0
2489	1
2490	0
2491	0
2492	0
2493	0
2494	1
2495	0
2496	0
2497	0
2498	1
2499	0
2500	0
2501	0
2502	0
2503	0
2504	1
2505	2
2506	2
2507	1
2508	0
2509	0
2510	1
2511	0
2512	0
2513	0
2514	0
2515	0
2516	0
2517	1
2518	0
2519	0
2520	0
2521	0
2522	0
2523	0
2524	0
2525	0
2526	0
2527	0
2528	0
2529	0
2530	2
2531	0
2532	0
2533	0
2534	0
2535	0
2536	0
2537	0
2538	0
2539	1
2540	1
2541	0
2542	1
2543	0
2544	1
2545	1
2546	0
2547	0
2548	0
2549	0
2550	0
2551	0
2552	0
2553	0
2554	0
2555	0
2556	2
2557	0
2558	1
2559	0
2560	0
2561	0
2562	0
2563	0
2564	1
2565	0
2566	0
2567	0
2568	0
2569	0
2570	0
2571	0
2572	0
2573	0
2574	0
2575	0
2576	0
2577	0
2578	0
2579	1
2580	0
2581	0
2582	0
2583	0
2584	1
2585	0
2586	0
2587	0
2588	0
2589	0
2590	0
2591	1
2592	1
2593	1
2594	0
2595	1
2596	0
2597	0
2598	0
2599	0
2600	1
2601	1
2602	0
2603	0
2604	0
2605	0
2606	0
2607	0
2608	0
2609	0
2610	0
2611	1
2612	0
2613	1
2614	1
2615	0
2616	0
2617	0
2618	2
2619	0
2620	3
2621	0
2622	0
2623	0
2624	0
2625	0
2626	0
2627	0
2628	0
2629	0
2630	0
2631	0
2632	0
2633	2
2634	0
2635	0
2636	0
2637	0
2638	1
2639	0
2640	0
2641	0
2642	0
2643	0
2644	0
2645	0
2646	0
2647	1
2648	0
2649	0
2650	0
2651	0
2652	0
2653	2
2654	0
2655	0
2656	1
2657	0
2658	0
2659	1
2660	0
2661	0
2662	0
2663	0
2664	0
2665	1
2666	0
2667	0
2668	0
2669	0
2670	0
2671	0
2672	0
2673	0
2674	0
2675	0
2676	1
2677	0
2678	0
2679	0
2680	0
2681	0
2682	0
2683	1
2684	0
2685	1
2686	0
2687	0
2688	0
2689	0
2690	1
2691	1
2692	0
2693	0
2694	1
2695	2
2696	0
2697	0
2698	0
2699	0
2700	0
2701	0
2702	0
2703	0
2704	1
2705	0
2706	0
2707	0
2708	0
2709	0
2710	0
2711	0
2712	0
2713	0
2714	0
2715	0
2716	0
2717	0
2718	0
2719	0
2720	0
2721	1
2722	0
2723	0
2724	0
2725	0
2726	2
2727	0
2728	0
2729	0
2730	0
2731	0
2732	1
2733	1
2734	0
2735	0
2736	0
2737	1
2738	0
2739	0
2740	0
2741	0
2742	1
2743	0
2744	0
2745	0
2746	0
2747	0
2748	0
2749	0
2750	0
2751	1
2752	0
2753	0
2754	0
2755	0
2756	1
2757	0
2758	0
2759	0
2760	0
2761	0
2762	0
2763	1
2764	0
2765	0
2766	1
2767	1
2768	0
2769	1
2770	0
2771	0
2772	0
2773	0
2774	0
2775	0
2776	0
2777	0
2778	0
2779	0
2780	0
2781	0
2782	0
2783	0
2784	0
2785	0
2786	0
2787	0
2788	0
2789	0
2790	0
2791	0
2792	0
2793	0
2794	1
2795	0
2796	1
2797	0
2798	1
2799	0
2800	0
2801	0
2802	1
2803	1
2804	0
2805	0
2806	0
2807	1
2808	0
2809	0
2810	0
2811	0
2812	0
2813	0
2814	1
2815	1
2816	1
2817	0
2818	0
2819	0
2820	0
2821	1
2822	0
2823	1
2824	0
2825	1
2826	0
2827	0
2828	0
2829	0
2830	1
2831	0
2832	0
2833	0
2834	0
2835	0
2836	0
2837	0
2838	0
2839	0
2840	0
2841	0
2842	1
2843	1
2844	0
2845	0
2846	0
2847	0
2848	0
2849	0
2850	0
2851	0
2852	0
2853	1
2854	0
2855	0
2856	0
2857	0
2858	1
2859	0
2860	0
2861	0
2862	0
2863	0
2864	0
2865	0
2866	0
2867	0
2868	0
2869	0
2870	0
2871	0
2872	0
2873	0
2874	0
2875	1
2876	0
2877	0
2878	0
2879	0
2880	0
2881	0
2882	0
2883	0
2884	1
2885	0
2886	0
2887	0
2888	0
2889	0
2890	0
2891	1
2892	2
2893	0
2894	0
2895	0
2896	0
2897	0
2898	0
2899	0
2900	0
2901	0
2902	0
2903	0
2904	0
2905	0
2906	0
2907	0
2908	0
2909	0
2910	0
2911	0
2912	1
2913	0
2914	1
2915	0
2916	0
2917	0
2918	0
2919	0
2920	0
2921	0
2922	0
2923	1
2924	0
2925	0
2926	0
2927	0
2928	0
2929	0
2930	0
2931	0
2932	0
2933	0
2934	0
2935	0
2936	0
2937	1
2938	0
2939	0
2940	0
2941	0
2942	0
2943	1
2944	0
2945	0
2946	0
2947	0
2948	1
2949	0
2950	1
2951	0
2952	0
2953	0
2954	0
2955	0
2956	0
2957	0
2958	0
2959	0
2960	1
2961	0
2962	0
2963	0
2964	0
2965	0
2966	0
2967	0
2968	0
2969	0
2970	0
2971	0
2972	0
2973	1
2974	0
2975	0
2976	0
2977	0
2978	0
2979	0
2980	1
2981	0
2982	0
2983	0
2984	0
2985	0
2986	0
2987	0
2988	0
2989	0
2990	0
2991	0
2992	0
2993	1
2994	0
2995	1
2996	0
2997	0
2998	0
2999	0
3000	0
3001	0
3002	0
3003	0
3004	0
3005	0
3006	0
3007	0
3008	1
3009	0
3010	0
3011	0
3012	0
3013	0
3014	0
3015	0
3016	0
3017	0
3018	0
3019	0
3020	0
3021	0
3022	0
3023	0
3024	0
3025	0
3026	0
3027	1
3028	0
3029	0
3030	0
3031	0
3032	0
3033	1
3034	0
3035	0
3036	1
3037	0
3038	0
3039	0
3040	0
3041	0
3042	0
3043	0
3044	0
3045	0
3046	1
3047	0
3048	0
3049	0
3050	1
3051	0
3052	0
3053	1
3054	0
3055	0
3056	0
3057	0
3058	1
3059	0
3060	0
3061	0
3062	0
3063	0
3064	0
3065	1
3066	0
3067	0
3068	0
3069	0
3070	0
3071	0
3072	0
3073	0
3074	0
3075	0
3076	0
3077	0
3078	0
3079	0
3080	0
3081	0
3082	0
3083	0
3084	0
3085	0
3086	0
3087	0
3088	0
3089	0
3090	0
3091	0
3092	0
3093	0
3094	0
3095	0
3096	0
3097	0
3098	0
3099	0
3100	0
3101	0
3102	0
3103	0
3104	0
3105	0
3106	0
3107	0
3108	0
3109	0
3110	0
3111	0
3112	0
3113	0
3114	0
3115	1
3116	0
3117	1
3118	0
3119	0
3120	0
3121	1
3122	0
3123	0
3124	0
3125	0
3126	0
3127	0
3128	0
3129	0
3130	0
3131	0
3132	1
3133	0
3134	1
3135	0
3136	0
3137	0
3138	0
3139	0
3140	1
3141	0
3142	0
3143	0
3144	0
3145	0
3146	0
3147	1
3148	0
3149	1
3150	1
3151	0
3152	0
3153	0
3154	0
3155	0
3156	0
3157	0
3158	0
3159	0
3160	0
3161	0
3162	0
3163	0
3164	0
3165	0
3166	0
3167	0
3168	0
3169	1
3170	0
3171	0
3172	0
3173	0
3174	0
3175	0
3176	0
3177	0
3178	0
3179	0
3180	0
3181	0
3182	0
3183	0
3184	0
3185	0
3186	1
3187	0
3188	0
3189	0
3190	0
3191	0
3192	0
3193	0
3194	0
3195	0
3196	0
3197	0
3198	0
3199	0
3200	0
3201	0
3202	0
3203	0
3204	0
3205	0
3206	0
3207	0
3208	0
3209	0
3210	0
3211	0
3212	0
3213	0
3214	0
3215	0
3216	0
3217	0
3218	0
3219	0
3220	0
3221	0
3222	0
3223	0
3224	0
3225	0
3226	0
3227	1
3228	0
3229	0
3230	0
3231	0
3232	0
3233	0
3234	0
3235	0
3236	0
3237	0
3238	0
3239	0
3240	0
3241	2
3242	0
3243	0
3244	1
3245	0
3246	0
3247	0
3248	0
3249	0
3250	0
3251	0
3252	0
3253	0
3254	0
3255	1
3256	0
3257	0
3258	0
3259	0
3260	0
3261	0
3262	0
3263	0
3264	0
3265	0
3266	0
3267	0
3268	0
3269	0
3270	0
3271	0
3272	0
3273	0
3274	0
3275	0
3276	0
3277	0
3278	0
3279	0
3280	0
3281	0
3282	0
3283	0
3284	0
3285	0
3286	0
3287	0
3288	0
3289	0
3290	0
3291	0
3292	0
3293	0
3294	1
3295	0
3296	1
3297	0
3298	0
3299	0
3300	0
3301	0
3302	0
3303	0
3304	0
3305	0
3306	0
3307	1
3308	0
3309	0
3310	0
3311	0
3312	0
3313	0
3314	0
3315	0
3316	0
3317	0
3318	0
3319	0
3320	0
3321	0
3322	0
3323	0
3324	0
3325	0
3326	0
3327	0
3328	0
3329	0
3330	0
3331	0
3332	0
3333	0
3334	0
3335	0
3336	0
3337	0
3338	0
3339	0
3340	0
3341	0
3342	0
3343	0
3344	0
3345	0
3346	0
3347	0
3348	0
3349	0
3350	0
3351	0
3352	0
3353	0
3354	0
3355	0
3356	0
3357	0
3358	0
3359	0
3360	0
3361	0
3362	0
3363	0
3364	0
3365	0
3366	0
3367	0
3368	0
3369	0
3370	0
3371	0
3372	0
3373	0
3374	0
3375	0
3376	0
3377	0
3378	0
3379	0
3380	0
3381	0
3382	0
3383	0
3384	0
3385	0
3386	0
3387	0
3388	0
3389	0
3390	0
3391	0
3392	0
3393	0
3394	0
3395	0
3396	0
3397	0
3398	0
3399	0
3400	0
3401	0
3402	0
3403	0
3404	0
3405	0
3406	0
3407	0
3408	0
3409	0
3410	0
3411	0
3412	1
3413	0
3414	0
3415	1
3416	0
3417	0
3418	0
3419	0
3420	0
3421	0
3422	0
3423	0
3424	0
3425	0
3426	0
3427	0
3428	1
3429	0
3430	0
3431	0
3432	0
3433	1
3434	0
3435	0
3436	0
3437	0
3438	0
3439	0
3440	0
3441	0
3442	0
3443	0
3444	0
3445	0
3446	0
3447	0
3448	0
3449	0
3450	0
3451	0
3452	1
3453	0
3454	0
3455	0
3456	0
3457	0
3458	0
3459	0
3460	0
3461	0
3462	0
3463	0
3464	0
3465	0
3466	0
3467	0
3468	0
3469	1
3470	0
3471	0
3472	0
3473	0
3474	0
3475	0
3476	0
3477	0
3478	0
3479	0
3480	0
3481	0
3482	0
3483	0
3484	0
3485	0
3486	0
3487	0
3488	0
3489	0
3490	0
3491	0
3492	0
3493	1
3494	0
3495	0
3496	0
3497	0
3498	0
3499	0
3500	0
3501	0
3502	0
3503	0
3504	0
3505	0
3506	0
3507	0
3508	0
3509	0
3510	0
3511	0
3512	1
3513	0
3514	0
3515	0
3516	0
3517	0
3518	0
3519	0
3520	0
3521	0
3522	0
3523	0
3524	0
3525	0
3526	0
3527	0
3528	0
3529	0
3530	0
3531	0
3532	0
3533	0
3534	0
3535	0
3536	0
3537	0
3538	0
3539	0
3540	0
3541	0
3542	0
3543	0
3544	0
3545	0
3546	0
3547	0
3548	0
3549	0
3550	0
3551	0
3552	0
3553	0
3554	0
3555	0
3556	0
3557	0
3558	0
3559	0
3560	0
3561	0
3562	0
3563	1
3564	0
3565	0
3566	0
3567	0
3568	0
3569	0
3570	0
3571	0
3572	0
3573	0
3574	0
3575	0
3576	0
3577	0
3578	0
3579	0
3580	0
3581	0
3582	0
3583	0
3584	0
3585	0
3586	0
3587	0
3588	0
3589	0
3590	0
3591	0
3592	0
3593	0
3594	0
3595	0
3596	0
3597	0
3598	0
3599	0
3600	0
3601	0
3602	0
3603	0
3604	0
3605	0
3606	0
3607	0
3608	0
3609	0
3610	0
3611	0
3612	0
3613	0
3614	0
3615	0
3616	0
3617	0
3618	0
3619	0
3620	0
3621	0
3622	0
3623	0
3624	0
3625	0
3626	0
3627	0
3628	0
3629	0
3630	0
3631	0
3632	1
3633	0
3634	0
3635	0
3636	0
3637	0
3638	0
3639	0
3640	0
3641	1
3642	0
3643	0
3644	0
3645	0
3646	0
3647	0
3648	0
3649	0
3650	0
3651	0
3652	0
3653	0
3654	0
3655	0
3656	0
3657	0
3658	0
3659	0
3660	0
3661	0
3662	0
3663	0
3664	0
3665	0
3666	0
3667	0
3668	0
3669	0
3670	0
3671	0
3672	0
3673	0
3674	0
3675	0
3676	0
3677	0
3678	0
3679	0
3680	0
3681	0
3682	0
3683	0
3684	0
3685	0
3686	0
3687	0
3688	0
3689	0
3690	0
3691	0
3692	0
3693	0
3694	0
3695	0
3696	0
3697	0
3698	0
3699	0
3700	0
3701	0
3702	0
3703	0
3704	0
3705	0
3706	0
3707	0
3708	0
3709	0
3710	0
3711	0
3712	0
3713	0
3714	0
3715	0
3716	0
3717	0
3718	0
3719	0
3720	0
3721	0
3722	0
3723	0
3724	0
3725	0
3726	0
3727	0
3728	0
3729	0
3730	0
3731	0
3732	0
3733	0
3734	0
3735	0
3736	0
3737	0
3738	0
3739	0
3740	0
3741	0
3742	0
3743	0
3744	0
3745	0
3746	0
3747	0
3748	0
3749	0
3750	0
3751	0
3752	0
3753	0
3754	0
3755	0
3756	0
3757	0
3758	0
3759	0
3760	0
3761	0
3762	0
3763	0
3764	0
3765	0
3766	0
3767	0
3768	0
3769	0
3770	0
3771	0
3772	0
3773	0
3774	0
3775	0
3776	0
3777	0
3778	0
3779	0
3780	0
3781	0
3782	0
3783	0
3784	0
3785	0
3786	0
3787	0
3788	0
3789	0
3790	0
3791	0
3792	0
3793	0
3794	0
3795	0
3796	0
3797	0
3798	0
3799	0
3800	0
3801	0
3802	0
3803	0
3804	0
3805	0
3806	0
3807	0
3808	0
3809	0
3810	0
3811	0
3812	0
3813	0
3814	0
3815	0
3816	0
3817	0
3818	0
3819	0
3820	0
3821	0
3822	0
3823	0
3824	0
3825	0
3826	0
3827	0
3828	0
3829	0
3830	0
3831	0
3832	0
3833	0
3834	0
3835	0
3836	0
3837	0
3838	0
3839	0
3840	0
3841	0
3842	0
3843	0
3844	0
3845	0
3846	0
3847	0
3848	0
3849	0
3850	0
3851	0
3852	0
3853	0
3854	0
3855	0
3856	0
3857	0
3858	0
3859	0
3860	0
3861	0
3862	0
3863	0
3864	0
3865	0
3866	0
3867	0
3868	0
3869	0
3870	0
3871	0
3872	0
3873	0
3874	0
3875	0
3876	0
3877	0
3878	0
3879	0
3880	0
3881	0
3882	0
3883	0
3884	0
3885	0
3886	0
3887	0
3888	0
3889	0
3890	0
3891	0
3892	0
3893	0
3894	0
3895	0
3896	0
3897	0
3898	0
3899	0
3900	0
3901	0
3902	0
3903	0
3904	0
3905	0
3906	0
3907	0
3908	0
3909	0
3910	0
3911	0
3912	0
3913	0
3914	0
3915	0
3916	0
3917	0
3918	0
3919	0
3920	0
3921	0
3922	0
3923	0
3924	0
3925	0
3926	0
3927	0
3928	0
3929	0
3930	0
3931	0
3932	0
3933	0
3934	0
3935	0
3936	0
3937	0
3938	0
3939	0
3940	0
3941	0
3942	0
3943	0
3944	0
3945	0
3946	0
3947	0
3948	0
3949	0
3950	0
3951	0
3952	0
3953	0
3954	0
3955	0
3956	0
3957	0
3958	0
3959	0
3960	0
3961	0
3962	0
3963	0
3964	0
3965	0
3966	0
3967	0
3968	0
3969	0
3970	0
3971	0
3972	0
3973	0
3974	0
3975	0
3976	0
3977	0
3978	0
3979	0
3980	0
3981	0
3982	0
3983	0
3984	0
3985	0
3986	0
3987	0
3988	0
3989	0
3990	0
3991	0
3992	0
3993	0
3994	0
3995	0
3996	0
3997	0
3998	0
3999	0
4000	0
