Channel number	Impulses
Channel/#	Impulses/#

0	0
1	0
2	0
3	0
4	0
5	0
6	0
7	0
8	0
9	0
10	0
11	0
12	0
13	0
14	0
15	0
16	0
17	0
18	0
19	0
20	0
21	0
22	0
23	0
24	0
25	0
26	0
27	0
28	0
29	0
30	0
31	0
32	0
33	0
34	0
35	0
36	0
37	0
38	0
39	0
40	0
41	0
42	0
43	0
44	0
45	0
46	0
47	0
48	0
49	0
50	0
51	0
52	0
53	0
54	1
55	0
56	1
57	2
58	0
59	1
60	4
61	2
62	5
63	9
64	2
65	2
66	4
67	4
68	8
69	3
70	6
71	2
72	2
73	2
74	1
75	8
76	2
77	3
78	1
79	4
80	0
81	2
82	2
83	5
84	3
85	2
86	2
87	1
88	2
89	4
90	2
91	2
92	2
93	4
94	4
95	4
96	2
97	7
98	4
99	2
100	6
101	4
102	2
103	1
104	5
105	2
106	4
107	3
108	2
109	1
110	3
111	5
112	1
113	3
114	2
115	4
116	3
117	3
118	3
119	5
120	4
121	1
122	3
123	4
124	2
125	1
126	4
127	8
128	5
129	3
130	2
131	3
132	6
133	4
134	1
135	3
136	3
137	1
138	2
139	2
140	3
141	3
142	0
143	3
144	3
145	2
146	0
147	4
148	4
149	2
150	4
151	2
152	3
153	2
154	1
155	2
156	1
157	3
158	3
159	2
160	0
161	3
162	3
163	7
164	0
165	2
166	3
167	3
168	0
169	4
170	1
171	3
172	3
173	2
174	6
175	1
176	3
177	1
178	6
179	1
180	2
181	2
182	3
183	1
184	0
185	0
186	3
187	5
188	4
189	0
190	1
191	5
192	0
193	2
194	1
195	4
196	5
197	4
198	2
199	3
200	2
201	3
202	8
203	5
204	4
205	3
206	2
207	3
208	2
209	3
210	0
211	4
212	0
213	1
214	3
215	1
216	2
217	1
218	2
219	2
220	4
221	3
222	2
223	6
224	1
225	1
226	1
227	1
228	1
229	3
230	2
231	1
232	3
233	1
234	4
235	0
236	2
237	2
238	0
239	3
240	6
241	2
242	2
243	2
244	2
245	0
246	0
247	0
248	5
249	2
250	0
251	3
252	3
253	2
254	2
255	3
256	0
257	0
258	3
259	1
260	3
261	2
262	1
263	2
264	2
265	2
266	2
267	2
268	2
269	1
270	6
271	2
272	1
273	0
274	0
275	1
276	2
277	4
278	4
279	2
280	1
281	4
282	3
283	1
284	1
285	4
286	2
287	1
288	0
289	2
290	1
291	1
292	6
293	0
294	1
295	1
296	0
297	2
298	1
299	1
300	2
301	2
302	0
303	3
304	3
305	1
306	4
307	1
308	4
309	2
310	1
311	2
312	1
313	2
314	2
315	4
316	0
317	1
318	3
319	3
320	1
321	1
322	2
323	1
324	2
325	1
326	1
327	1
328	3
329	1
330	1
331	1
332	2
333	4
334	2
335	5
336	2
337	1
338	0
339	2
340	1
341	0
342	2
343	2
344	2
345	1
346	0
347	0
348	1
349	0
350	0
351	0
352	4
353	0
354	3
355	2
356	1
357	1
358	1
359	1
360	1
361	1
362	0
363	1
364	1
365	1
366	1
367	0
368	0
369	1
370	0
371	1
372	2
373	1
374	4
375	2
376	1
377	0
378	2
379	0
380	0
381	4
382	2
383	2
384	1
385	2
386	1
387	0
388	1
389	2
390	3
391	1
392	2
393	1
394	1
395	1
396	2
397	1
398	1
399	1
400	2
401	1
402	1
403	2
404	2
405	1
406	2
407	3
408	3
409	0
410	3
411	2
412	1
413	0
414	1
415	2
416	2
417	2
418	0
419	0
420	3
421	5
422	1
423	2
424	2
425	2
426	1
427	4
428	2
429	5
430	3
431	1
432	2
433	0
434	0
435	4
436	0
437	3
438	1
439	1
440	1
441	2
442	0
443	1
444	2
445	0
446	0
447	1
448	3
449	3
450	1
451	3
452	4
453	3
454	2
455	2
456	0
457	1
458	1
459	4
460	2
461	0
462	2
463	2
464	1
465	0
466	2
467	2
468	1
469	0
470	5
471	2
472	2
473	1
474	3
475	1
476	2
477	2
478	1
479	1
480	1
481	1
482	1
483	1
484	3
485	1
486	0
487	0
488	0
489	1
490	3
491	0
492	1
493	0
494	0
495	2
496	1
497	2
498	2
499	1
500	4
501	0
502	2
503	0
504	0
505	0
506	0
507	1
508	1
509	2
510	0
511	1
512	0
513	4
514	2
515	1
516	1
517	0
518	2
519	5
520	1
521	3
522	3
523	1
524	1
525	3
526	1
527	3
528	2
529	1
530	1
531	2
532	1
533	0
534	2
535	1
536	2
537	1
538	3
539	2
540	0
541	3
542	2
543	2
544	0
545	0
546	2
547	2
548	2
549	3
550	2
551	0
552	0
553	1
554	0
555	2
556	3
557	2
558	1
559	0
560	1
561	1
562	2
563	1
564	1
565	0
566	1
567	5
568	2
569	4
570	1
571	3
572	2
573	0
574	3
575	4
576	1
577	0
578	2
579	3
580	1
581	2
582	2
583	1
584	2
585	0
586	3
587	3
588	0
589	2
590	4
591	1
592	0
593	1
594	0
595	0
596	1
597	1
598	4
599	0
600	0
601	1
602	4
603	2
604	1
605	2
606	1
607	1
608	3
609	2
610	3
611	4
612	1
613	3
614	2
615	2
616	0
617	2
618	1
619	2
620	0
621	0
622	2
623	1
624	0
625	1
626	3
627	0
628	2
629	1
630	2
631	2
632	0
633	4
634	1
635	2
636	1
637	1
638	2
639	5
640	0
641	1
642	3
643	4
644	3
645	1
646	3
647	3
648	1
649	1
650	2
651	1
652	3
653	3
654	1
655	0
656	1
657	0
658	0
659	0
660	2
661	0
662	2
663	0
664	3
665	1
666	1
667	1
668	1
669	1
670	0
671	5
672	3
673	3
674	2
675	1
676	4
677	1
678	3
679	0
680	1
681	3
682	4
683	1
684	2
685	3
686	1
687	0
688	2
689	3
690	2
691	4
692	4
693	0
694	3
695	1
696	0
697	4
698	2
699	4
700	3
701	1
702	4
703	7
704	3
705	2
706	2
707	1
708	3
709	1
710	1
711	2
712	2
713	2
714	4
715	9
716	2
717	3
718	4
719	5
720	3
721	5
722	4
723	4
724	2
725	4
726	2
727	1
728	2
729	3
730	4
731	2
732	1
733	1
734	4
735	2
736	1
737	3
738	3
739	2
740	6
741	1
742	2
743	2
744	3
745	9
746	3
747	2
748	0
749	6
750	3
751	5
752	1
753	3
754	6
755	2
756	5
757	2
758	7
759	3
760	2
761	6
762	3
763	3
764	4
765	5
766	0
767	4
768	3
769	1
770	6
771	5
772	10
773	2
774	3
775	2
776	1
777	5
778	2
779	4
780	2
781	4
782	4
783	4
784	6
785	2
786	6
787	4
788	5
789	4
790	6
791	0
792	2
793	3
794	2
795	5
796	3
797	5
798	3
799	2
800	4
801	1
802	6
803	3
804	10
805	5
806	7
807	6
808	6
809	6
810	4
811	3
812	8
813	4
814	6
815	2
816	5
817	4
818	8
819	6
820	3
821	6
822	8
823	8
824	5
825	8
826	5
827	10
828	5
829	5
830	8
831	6
832	2
833	3
834	10
835	4
836	4
837	5
838	9
839	5
840	5
841	11
842	4
843	10
844	6
845	5
846	9
847	11
848	6
849	5
850	6
851	9
852	6
853	6
854	9
855	3
856	7
857	11
858	4
859	9
860	3
861	5
862	4
863	5
864	6
865	3
866	5
867	5
868	11
869	7
870	10
871	3
872	7
873	6
874	8
875	9
876	10
877	5
878	7
879	9
880	10
881	10
882	7
883	5
884	6
885	2
886	9
887	5
888	10
889	8
890	4
891	9
892	4
893	6
894	6
895	13
896	2
897	8
898	9
899	6
900	5
901	3
902	8
903	4
904	6
905	8
906	5
907	7
908	6
909	3
910	4
911	4
912	8
913	3
914	10
915	11
916	7
917	8
918	11
919	7
920	2
921	5
922	10
923	3
924	9
925	4
926	10
927	7
928	3
929	8
930	10
931	8
932	10
933	12
934	14
935	7
936	8
937	9
938	5
939	9
940	14
941	6
942	6
943	7
944	6
945	8
946	10
947	8
948	14
949	3
950	15
951	1
952	7
953	6
954	6
955	4
956	13
957	11
958	6
959	8
960	5
961	7
962	5
963	5
964	6
965	7
966	10
967	5
968	9
969	6
970	5
971	5
972	10
973	8
974	8
975	7
976	8
977	7
978	6
979	6
980	12
981	6
982	8
983	5
984	12
985	11
986	7
987	13
988	9
989	8
990	9
991	8
992	7
993	9
994	11
995	8
996	9
997	7
998	12
999	8
1000	7
1001	9
1002	10
1003	3
1004	12
1005	6
1006	15
1007	6
1008	9
1009	10
1010	11
1011	10
1012	12
1013	5
1014	8
1015	8
1016	12
1017	8
1018	9
1019	10
1020	18
1021	5
1022	13
1023	16
1024	1
1025	6
1026	7
1027	10
1028	7
1029	4
1030	10
1031	13
1032	6
1033	7
1034	11
1035	12
1036	8
1037	7
1038	12
1039	10
1040	7
1041	6
1042	8
1043	15
1044	10
1045	10
1046	15
1047	2
1048	4
1049	14
1050	7
1051	12
1052	7
1053	5
1054	13
1055	8
1056	5
1057	11
1058	8
1059	12
1060	9
1061	3
1062	10
1063	8
1064	8
1065	10
1066	3
1067	9
1068	16
1069	12
1070	8
1071	4
1072	9
1073	5
1074	12
1075	13
1076	16
1077	7
1078	10
1079	13
1080	8
1081	10
1082	9
1083	11
1084	12
1085	13
1086	9
1087	20
1088	7
1089	8
1090	9
1091	6
1092	12
1093	11
1094	14
1095	5
1096	10
1097	8
1098	12
1099	16
1100	22
1101	11
1102	12
1103	14
1104	4
1105	12
1106	10
1107	10
1108	9
1109	8
1110	14
1111	9
1112	14
1113	8
1114	10
1115	6
1116	14
1117	12
1118	10
1119	16
1120	9
1121	11
1122	11
1123	11
1124	15
1125	13
1126	9
1127	17
1128	9
1129	14
1130	10
1131	14
1132	11
1133	9
1134	15
1135	13
1136	12
1137	10
1138	8
1139	14
1140	14
1141	8
1142	11
1143	11
1144	15
1145	5
1146	11
1147	9
1148	21
1149	12
1150	6
1151	16
1152	5
1153	8
1154	20
1155	12
1156	15
1157	6
1158	13
1159	13
1160	15
1161	15
1162	12
1163	13
1164	11
1165	8
1166	10
1167	7
1168	8
1169	16
1170	13
1171	17
1172	6
1173	12
1174	12
1175	11
1176	7
1177	18
1178	12
1179	8
1180	16
1181	13
1182	12
1183	16
1184	8
1185	17
1186	8
1187	8
1188	12
1189	6
1190	14
1191	22
1192	8
1193	13
1194	9
1195	8
1196	10
1197	7
1198	15
1199	6
1200	8
1201	17
1202	16
1203	14
1204	14
1205	12
1206	10
1207	8
1208	7
1209	11
1210	12
1211	20
1212	15
1213	12
1214	6
1215	11
1216	14
1217	14
1218	15
1219	11
1220	13
1221	9
1222	7
1223	10
1224	16
1225	16
1226	12
1227	16
1228	10
1229	11
1230	4
1231	13
1232	6
1233	11
1234	16
1235	17
1236	14
1237	15
1238	13
1239	14
1240	17
1241	17
1242	12
1243	18
1244	10
1245	15
1246	8
1247	12
1248	10
1249	16
1250	14
1251	16
1252	10
1253	7
1254	16
1255	12
1256	9
1257	15
1258	8
1259	15
1260	13
1261	15
1262	13
1263	10
1264	12
1265	8
1266	10
1267	10
1268	15
1269	9
1270	15
1271	10
1272	9
1273	11
1274	12
1275	13
1276	14
1277	7
1278	22
1279	21
1280	4
1281	11
1282	16
1283	10
1284	12
1285	6
1286	8
1287	7
1288	14
1289	13
1290	7
1291	11
1292	10
1293	10
1294	13
1295	6
1296	9
1297	13
1298	12
1299	13
1300	11
1301	15
1302	17
1303	8
1304	11
1305	12
1306	14
1307	18
1308	8
1309	18
1310	8
1311	16
1312	13
1313	8
1314	15
1315	9
1316	8
1317	11
1318	8
1319	10
1320	8
1321	14
1322	11
1323	15
1324	20
1325	4
1326	22
1327	3
1328	10
1329	13
1330	10
1331	8
1332	10
1333	8
1334	11
1335	14
1336	9
1337	14
1338	9
1339	14
1340	18
1341	8
1342	13
1343	17
1344	7
1345	7
1346	13
1347	13
1348	9
1349	9
1350	4
1351	8
1352	12
1353	10
1354	11
1355	10
1356	8
1357	5
1358	16
1359	9
1360	15
1361	6
1362	7
1363	17
1364	8
1365	13
1366	15
1367	4
1368	16
1369	7
1370	9
1371	12
1372	15
1373	7
1374	15
1375	18
1376	15
1377	11
1378	11
1379	9
1380	16
1381	11
1382	10
1383	12
1384	14
1385	9
1386	9
1387	7
1388	9
1389	10
1390	14
1391	12
1392	6
1393	6
1394	12
1395	18
1396	12
1397	4
1398	16
1399	10
1400	7
1401	9
1402	8
1403	10
1404	8
1405	12
1406	13
1407	22
1408	5
1409	10
1410	17
1411	15
1412	13
1413	7
1414	14
1415	13
1416	17
1417	17
1418	9
1419	14
1420	18
1421	10
1422	18
1423	14
1424	7
1425	12
1426	20
1427	9
1428	19
1429	12
1430	12
1431	9
1432	16
1433	13
1434	12
1435	8
1436	7
1437	11
1438	18
1439	13
1440	5
1441	9
1442	8
1443	12
1444	12
1445	15
1446	12
1447	11
1448	8
1449	26
1450	6
1451	5
1452	15
1453	10
1454	14
1455	7
1456	17
1457	8
1458	13
1459	14
1460	9
1461	8
1462	12
1463	10
1464	20
1465	5
1466	5
1467	13
1468	13
1469	9
1470	9
1471	11
1472	4
1473	10
1474	14
1475	17
1476	11
1477	12
1478	10
1479	9
1480	16
1481	13
1482	11
1483	9
1484	21
1485	17
1486	11
1487	11
1488	8
1489	10
1490	10
1491	13
1492	14
1493	15
1494	21
1495	8
1496	18
1497	10
1498	13
1499	13
1500	12
1501	12
1502	10
1503	10
1504	6
1505	9
1506	10
1507	8
1508	21
1509	6
1510	15
1511	12
1512	7
1513	13
1514	8
1515	9
1516	7
1517	10
1518	9
1519	13
1520	11
1521	10
1522	9
1523	5
1524	9
1525	14
1526	10
1527	6
1528	15
1529	10
1530	4
1531	8
1532	10
1533	10
1534	12
1535	20
1536	7
1537	15
1538	7
1539	6
1540	12
1541	7
1542	8
1543	13
1544	13
1545	13
1546	8
1547	8
1548	13
1549	9
1550	15
1551	10
1552	9
1553	7
1554	11
1555	8
1556	5
1557	11
1558	4
1559	8
1560	9
1561	15
1562	4
1563	11
1564	10
1565	7
1566	11
1567	8
1568	10
1569	19
1570	8
1571	13
1572	8
1573	7
1574	10
1575	7
1576	8
1577	10
1578	10
1579	17
1580	9
1581	10
1582	7
1583	13
1584	11
1585	11
1586	14
1587	5
1588	12
1589	10
1590	16
1591	8
1592	9
1593	20
1594	9
1595	5
1596	9
1597	11
1598	14
1599	17
1600	8
1601	5
1602	10
1603	10
1604	7
1605	6
1606	9
1607	8
1608	9
1609	10
1610	10
1611	10
1612	14
1613	9
1614	9
1615	15
1616	9
1617	9
1618	8
1619	9
1620	8
1621	10
1622	9
1623	4
1624	7
1625	11
1626	13
1627	8
1628	5
1629	8
1630	7
1631	11
1632	7
1633	6
1634	9
1635	6
1636	13
1637	8
1638	19
1639	10
1640	10
1641	10
1642	13
1643	9
1644	11
1645	9
1646	17
1647	3
1648	12
1649	10
1650	8
1651	5
1652	8
1653	5
1654	15
1655	7
1656	9
1657	11
1658	7
1659	11
1660	10
1661	6
1662	12
1663	13
1664	6
1665	8
1666	11
1667	6
1668	10
1669	3
1670	16
1671	8
1672	12
1673	10
1674	7
1675	6
1676	15
1677	7
1678	9
1679	6
1680	18
1681	6
1682	8
1683	8
1684	9
1685	7
1686	14
1687	3
1688	10
1689	11
1690	10
1691	9
1692	12
1693	11
1694	11
1695	9
1696	11
1697	10
1698	15
1699	9
1700	14
1701	7
1702	9
1703	8
1704	5
1705	8
1706	5
1707	7
1708	12
1709	6
1710	7
1711	9
1712	13
1713	11
1714	9
1715	14
1716	11
1717	6
1718	14
1719	7
1720	8
1721	6
1722	11
1723	11
1724	5
1725	6
1726	12
1727	14
1728	3
1729	10
1730	10
1731	8
1732	14
1733	8
1734	8
1735	7
1736	10
1737	12
1738	13
1739	6
1740	12
1741	4
1742	10
1743	5
1744	6
1745	10
1746	11
1747	7
1748	10
1749	12
1750	13
1751	9
1752	12
1753	7
1754	6
1755	8
1756	8
1757	6
1758	5
1759	4
1760	4
1761	9
1762	6
1763	6
1764	12
1765	6
1766	9
1767	11
1768	11
1769	14
1770	10
1771	4
1772	9
1773	5
1774	6
1775	10
1776	10
1777	7
1778	13
1779	10
1780	16
1781	8
1782	9
1783	7
1784	5
1785	4
1786	15
1787	10
1788	12
1789	10
1790	5
1791	13
1792	3
1793	9
1794	4
1795	5
1796	6
1797	13
1798	8
1799	2
1800	7
1801	10
1802	5
1803	9
1804	14
1805	9
1806	5
1807	7
1808	7
1809	14
1810	7
1811	7
1812	12
1813	14
1814	10
1815	4
1816	4
1817	7
1818	8
1819	4
1820	10
1821	11
1822	7
1823	9
1824	8
1825	5
1826	10
1827	5
1828	9
1829	6
1830	10
1831	3
1832	8
1833	11
1834	9
1835	4
1836	12
1837	11
1838	10
1839	6
1840	11
1841	9
1842	7
1843	3
1844	3
1845	7
1846	9
1847	7
1848	7
1849	11
1850	9
1851	9
1852	8
1853	9
1854	6
1855	9
1856	5
1857	9
1858	7
1859	10
1860	7
1861	8
1862	15
1863	11
1864	8
1865	10
1866	7
1867	4
1868	12
1869	7
1870	10
1871	9
1872	5
1873	7
1874	5
1875	9
1876	4
1877	6
1878	7
1879	3
1880	10
1881	11
1882	12
1883	9
1884	11
1885	13
1886	11
1887	6
1888	12
1889	8
1890	7
1891	8
1892	8
1893	9
1894	13
1895	9
1896	7
1897	11
1898	7
1899	12
1900	19
1901	12
1902	8
1903	10
1904	11
1905	8
1906	6
1907	13
1908	12
1909	10
1910	11
1911	13
1912	7
1913	14
1914	12
1915	17
1916	17
1917	9
1918	9
1919	14
1920	7
1921	14
1922	17
1923	20
1924	17
1925	16
1926	28
1927	10
1928	24
1929	26
1930	9
1931	20
1932	22
1933	27
1934	20
1935	24
1936	32
1937	36
1938	28
1939	43
1940	26
1941	29
1942	36
1943	16
1944	51
1945	50
1946	41
1947	54
1948	46
1949	48
1950	44
1951	38
1952	43
1953	35
1954	45
1955	57
1956	51
1957	44
1958	71
1959	58
1960	46
1961	62
1962	35
1963	56
1964	63
1965	58
1966	65
1967	35
1968	83
1969	60
1970	66
1971	59
1972	67
1973	45
1974	93
1975	55
1976	44
1977	67
1978	58
1979	70
1980	66
1981	59
1982	56
1983	71
1984	58
1985	51
1986	63
1987	58
1988	76
1989	52
1990	70
1991	29
1992	57
1993	57
1994	48
1995	36
1996	52
1997	30
1998	44
1999	25
2000	44
2001	41
2002	37
2003	28
2004	37
2005	25
2006	47
2007	15
2008	37
2009	35
2010	26
2011	31
2012	18
2013	24
2014	16
2015	17
2016	23
2017	19
2018	20
2019	14
2020	20
2021	11
2022	24
2023	11
2024	23
2025	15
2026	8
2027	13
2028	16
2029	12
2030	11
2031	4
2032	11
2033	7
2034	12
2035	10
2036	6
2037	13
2038	6
2039	4
2040	6
2041	6
2042	3
2043	8
2044	3
2045	6
2046	3
2047	9
2048	3
2049	4
2050	7
2051	9
2052	4
2053	5
2054	8
2055	4
2056	3
2057	12
2058	8
2059	10
2060	7
2061	3
2062	2
2063	4
2064	7
2065	8
2066	4
2067	7
2068	5
2069	5
2070	5
2071	4
2072	5
2073	2
2074	4
2075	10
2076	2
2077	7
2078	1
2079	9
2080	5
2081	1
2082	12
2083	4
2084	4
2085	2
2086	8
2087	9
2088	3
2089	2
2090	6
2091	4
2092	6
2093	3
2094	4
2095	3
2096	8
2097	2
2098	4
2099	7
2100	6
2101	2
2102	2
2103	3
2104	3
2105	7
2106	2
2107	7
2108	9
2109	6
2110	3
2111	5
2112	4
2113	1
2114	6
2115	8
2116	4
2117	6
2118	7
2119	2
2120	3
2121	13
2122	2
2123	5
2124	5
2125	3
2126	1
2127	5
2128	4
2129	6
2130	2
2131	11
2132	5
2133	5
2134	7
2135	6
2136	3
2137	1
2138	5
2139	7
2140	2
2141	5
2142	4
2143	7
2144	4
2145	2
2146	7
2147	2
2148	3
2149	3
2150	6
2151	3
2152	2
2153	6
2154	3
2155	4
2156	5
2157	3
2158	8
2159	6
2160	5
2161	3
2162	4
2163	7
2164	7
2165	5
2166	9
2167	4
2168	0
2169	6
2170	3
2171	9
2172	4
2173	10
2174	5
2175	4
2176	3
2177	9
2178	5
2179	6
2180	2
2181	10
2182	4
2183	7
2184	4
2185	6
2186	4
2187	10
2188	5
2189	11
2190	6
2191	6
2192	4
2193	7
2194	8
2195	5
2196	5
2197	4
2198	9
2199	5
2200	2
2201	7
2202	3
2203	7
2204	7
2205	10
2206	7
2207	7
2208	6
2209	11
2210	7
2211	9
2212	12
2213	7
2214	6
2215	10
2216	12
2217	17
2218	10
2219	13
2220	19
2221	12
2222	14
2223	16
2224	2
2225	9
2226	11
2227	11
2228	9
2229	10
2230	18
2231	10
2232	12
2233	10
2234	9
2235	16
2236	13
2237	11
2238	9
2239	13
2240	14
2241	11
2242	15
2243	12
2244	16
2245	9
2246	19
2247	6
2248	5
2249	13
2250	2
2251	16
2252	16
2253	11
2254	14
2255	8
2256	9
2257	7
2258	12
2259	13
2260	11
2261	3
2262	12
2263	5
2264	13
2265	15
2266	11
2267	14
2268	12
2269	4
2270	11
2271	11
2272	5
2273	6
2274	12
2275	6
2276	7
2277	3
2278	10
2279	11
2280	6
2281	8
2282	6
2283	6
2284	6
2285	4
2286	8
2287	6
2288	3
2289	1
2290	3
2291	4
2292	1
2293	3
2294	3
2295	5
2296	7
2297	6
2298	8
2299	6
2300	8
2301	4
2302	2
2303	3
2304	3
2305	2
2306	8
2307	9
2308	6
2309	3
2310	6
2311	7
2312	5
2313	4
2314	0
2315	3
2316	2
2317	3
2318	8
2319	3
2320	1
2321	7
2322	4
2323	4
2324	2
2325	4
2326	4
2327	3
2328	3
2329	5
2330	2
2331	1
2332	3
2333	4
2334	4
2335	5
2336	3
2337	4
2338	3
2339	5
2340	2
2341	3
2342	4
2343	2
2344	1
2345	1
2346	3
2347	2
2348	3
2349	1
2350	4
2351	3
2352	3
2353	2
2354	2
2355	4
2356	2
2357	4
2358	5
2359	3
2360	4
2361	1
2362	4
2363	3
2364	2
2365	3
2366	0
2367	1
2368	2
2369	3
2370	3
2371	4
2372	3
2373	2
2374	7
2375	0
2376	3
2377	2
2378	3
2379	4
2380	4
2381	4
2382	4
2383	3
2384	2
2385	1
2386	3
2387	2
2388	3
2389	4
2390	5
2391	2
2392	1
2393	2
2394	1
2395	3
2396	1
2397	0
2398	3
2399	3
2400	1
2401	1
2402	2
2403	2
2404	2
2405	2
2406	3
2407	2
2408	1
2409	7
2410	0
2411	1
2412	1
2413	1
2414	1
2415	4
2416	1
2417	2
2418	2
2419	2
2420	2
2421	1
2422	2
2423	0
2424	2
2425	1
2426	0
2427	4
2428	0
2429	2
2430	2
2431	2
2432	2
2433	0
2434	1
2435	2
2436	2
2437	0
2438	3
2439	1
2440	1
2441	5
2442	2
2443	2
2444	0
2445	6
2446	6
2447	0
2448	5
2449	3
2450	3
2451	3
2452	4
2453	1
2454	3
2455	1
2456	5
2457	1
2458	3
2459	0
2460	1
2461	2
2462	3
2463	3
2464	0
2465	2
2466	2
2467	2
2468	1
2469	0
2470	0
2471	2
2472	1
2473	7
2474	1
2475	2
2476	1
2477	4
2478	1
2479	2
2480	4
2481	0
2482	6
2483	5
2484	4
2485	3
2486	3
2487	2
2488	3
2489	0
2490	1
2491	1
2492	0
2493	1
2494	2
2495	2
2496	2
2497	2
2498	1
2499	1
2500	2
2501	6
2502	1
2503	0
2504	6
2505	5
2506	1
2507	2
2508	7
2509	1
2510	4
2511	1
2512	3
2513	5
2514	2
2515	3
2516	4
2517	1
2518	4
2519	2
2520	3
2521	7
2522	3
2523	1
2524	3
2525	1
2526	4
2527	3
2528	4
2529	3
2530	6
2531	2
2532	3
2533	0
2534	0
2535	1
2536	3
2537	2
2538	1
2539	4
2540	7
2541	2
2542	1
2543	2
2544	1
2545	1
2546	3
2547	5
2548	5
2549	2
2550	2
2551	1
2552	3
2553	5
2554	0
2555	2
2556	3
2557	1
2558	2
2559	4
2560	1
2561	2
2562	6
2563	4
2564	5
2565	3
2566	4
2567	4
2568	2
2569	2
2570	0
2571	3
2572	1
2573	2
2574	4
2575	1
2576	2
2577	5
2578	3
2579	0
2580	2
2581	2
2582	4
2583	3
2584	0
2585	2
2586	3
2587	3
2588	3
2589	5
2590	2
2591	0
2592	1
2593	0
2594	2
2595	3
2596	1
2597	4
2598	3
2599	2
2600	2
2601	3
2602	2
2603	2
2604	2
2605	2
2606	2
2607	2
2608	3
2609	1
2610	3
2611	3
2612	1
2613	0
2614	2
2615	3
2616	1
2617	8
2618	0
2619	2
2620	1
2621	1
2622	1
2623	3
2624	1
2625	1
2626	5
2627	0
2628	3
2629	1
2630	1
2631	0
2632	2
2633	2
2634	1
2635	0
2636	2
2637	2
2638	2
2639	4
2640	1
2641	0
2642	2
2643	1
2644	2
2645	1
2646	1
2647	1
2648	2
2649	0
2650	2
2651	3
2652	1
2653	1
2654	1
2655	5
2656	3
2657	1
2658	1
2659	2
2660	5
2661	0
2662	0
2663	1
2664	0
2665	1
2666	3
2667	1
2668	0
2669	1
2670	1
2671	2
2672	1
2673	0
2674	3
2675	4
2676	0
2677	0
2678	0
2679	0
2680	1
2681	2
2682	0
2683	1
2684	3
2685	1
2686	3
2687	1
2688	1
2689	1
2690	2
2691	3
2692	2
2693	3
2694	1
2695	1
2696	2
2697	3
2698	1
2699	1
2700	1
2701	2
2702	0
2703	0
2704	0
2705	0
2706	1
2707	1
2708	5
2709	1
2710	2
2711	1
2712	0
2713	0
2714	2
2715	1
2716	2
2717	0
2718	2
2719	2
2720	1
2721	1
2722	2
2723	3
2724	4
2725	0
2726	2
2727	0
2728	2
2729	3
2730	1
2731	4
2732	0
2733	2
2734	1
2735	1
2736	1
2737	1
2738	0
2739	0
2740	0
2741	2
2742	0
2743	0
2744	3
2745	3
2746	3
2747	2
2748	2
2749	2
2750	2
2751	1
2752	1
2753	0
2754	1
2755	1
2756	4
2757	1
2758	0
2759	2
2760	1
2761	0
2762	0
2763	1
2764	2
2765	0
2766	2
2767	1
2768	1
2769	0
2770	2
2771	1
2772	2
2773	1
2774	5
2775	2
2776	1
2777	4
2778	3
2779	1
2780	2
2781	2
2782	2
2783	1
2784	1
2785	2
2786	4
2787	1
2788	2
2789	0
2790	1
2791	2
2792	3
2793	1
2794	1
2795	1
2796	2
2797	0
2798	3
2799	0
2800	0
2801	2
2802	1
2803	2
2804	2
2805	0
2806	3
2807	1
2808	0
2809	1
2810	0
2811	2
2812	0
2813	0
2814	1
2815	0
2816	2
2817	1
2818	3
2819	1
2820	0
2821	0
2822	0
2823	1
2824	2
2825	0
2826	0
2827	2
2828	1
2829	2
2830	0
2831	0
2832	1
2833	0
2834	3
2835	2
2836	0
2837	2
2838	0
2839	0
2840	1
2841	1
2842	3
2843	6
2844	2
2845	2
2846	1
2847	1
2848	4
2849	2
2850	2
2851	0
2852	1
2853	0
2854	5
2855	2
2856	1
2857	1
2858	1
2859	2
2860	1
2861	1
2862	0
2863	0
2864	2
2865	3
2866	0
2867	0
2868	2
2869	2
2870	3
2871	1
2872	1
2873	2
2874	1
2875	0
2876	0
2877	0
2878	1
2879	2
2880	0
2881	2
2882	0
2883	1
2884	0
2885	1
2886	0
2887	1
2888	1
2889	0
2890	1
2891	2
2892	2
2893	2
2894	1
2895	1
2896	0
2897	1
2898	0
2899	0
2900	0
2901	0
2902	2
2903	0
2904	3
2905	1
2906	2
2907	0
2908	3
2909	1
2910	0
2911	0
2912	2
2913	1
2914	0
2915	2
2916	1
2917	0
2918	3
2919	2
2920	2
2921	2
2922	1
2923	1
2924	0
2925	0
2926	1
2927	0
2928	2
2929	1
2930	4
2931	0
2932	3
2933	2
2934	3
2935	1
2936	1
2937	4
2938	0
2939	0
2940	2
2941	1
2942	0
2943	3
2944	3
2945	1
2946	0
2947	1
2948	1
2949	2
2950	2
2951	1
2952	2
2953	2
2954	2
2955	0
2956	0
2957	1
2958	0
2959	0
2960	3
2961	0
2962	1
2963	3
2964	0
2965	1
2966	2
2967	1
2968	0
2969	0
2970	0
2971	2
2972	0
2973	1
2974	1
2975	0
2976	1
2977	0
2978	2
2979	1
2980	1
2981	1
2982	0
2983	0
2984	1
2985	2
2986	2
2987	0
2988	3
2989	2
2990	1
2991	0
2992	1
2993	1
2994	4
2995	1
2996	0
2997	1
2998	1
2999	2
3000	1
3001	0
3002	2
3003	1
3004	0
3005	1
3006	2
3007	0
3008	0
3009	1
3010	1
3011	0
3012	0
3013	1
3014	1
3015	2
3016	1
3017	0
3018	0
3019	1
3020	1
3021	2
3022	1
3023	1
3024	1
3025	1
3026	1
3027	0
3028	4
3029	1
3030	1
3031	1
3032	0
3033	0
3034	0
3035	1
3036	1
3037	3
3038	2
3039	0
3040	2
3041	2
3042	0
3043	1
3044	0
3045	1
3046	4
3047	0
3048	1
3049	1
3050	1
3051	0
3052	2
3053	2
3054	0
3055	0
3056	1
3057	0
3058	0
3059	2
3060	0
3061	0
3062	1
3063	2
3064	0
3065	3
3066	0
3067	2
3068	0
3069	0
3070	2
3071	0
3072	2
3073	2
3074	1
3075	0
3076	0
3077	2
3078	1
3079	0
3080	1
3081	0
3082	0
3083	0
3084	0
3085	2
3086	0
3087	1
3088	0
3089	1
3090	1
3091	1
3092	2
3093	0
3094	0
3095	0
3096	1
3097	1
3098	1
3099	2
3100	1
3101	1
3102	1
3103	1
3104	0
3105	1
3106	0
3107	0
3108	0
3109	2
3110	2
3111	1
3112	1
3113	0
3114	0
3115	0
3116	0
3117	0
3118	1
3119	1
3120	1
3121	0
3122	1
3123	4
3124	1
3125	0
3126	0
3127	1
3128	0
3129	1
3130	0
3131	1
3132	0
3133	0
3134	0
3135	2
3136	2
3137	0
3138	0
3139	1
3140	0
3141	0
3142	0
3143	1
3144	0
3145	0
3146	0
3147	3
3148	0
3149	0
3150	2
3151	1
3152	0
3153	0
3154	1
3155	0
3156	0
3157	1
3158	1
3159	2
3160	0
3161	2
3162	0
3163	0
3164	1
3165	0
3166	2
3167	0
3168	0
3169	0
3170	0
3171	0
3172	0
3173	0
3174	1
3175	0
3176	0
3177	1
3178	0
3179	0
3180	2
3181	1
3182	1
3183	0
3184	2
3185	0
3186	0
3187	0
3188	0
3189	0
3190	1
3191	0
3192	0
3193	0
3194	0
3195	1
3196	0
3197	1
3198	1
3199	0
3200	0
3201	1
3202	0
3203	0
3204	1
3205	0
3206	0
3207	0
3208	2
3209	0
3210	0
3211	0
3212	0
3213	0
3214	1
3215	0
3216	1
3217	2
3218	1
3219	1
3220	0
3221	1
3222	1
3223	0
3224	0
3225	2
3226	0
3227	1
3228	0
3229	1
3230	0
3231	0
3232	0
3233	1
3234	0
3235	1
3236	0
3237	2
3238	0
3239	1
3240	0
3241	0
3242	0
3243	2
3244	3
3245	1
3246	0
3247	1
3248	1
3249	1
3250	0
3251	1
3252	2
3253	1
3254	1
3255	1
3256	1
3257	0
3258	0
3259	0
3260	1
3261	1
3262	0
3263	0
3264	0
3265	1
3266	0
3267	0
3268	0
3269	0
3270	1
3271	0
3272	0
3273	1
3274	1
3275	0
3276	0
3277	0
3278	0
3279	0
3280	1
3281	1
3282	0
3283	2
3284	0
3285	1
3286	0
3287	0
3288	3
3289	0
3290	0
3291	2
3292	0
3293	0
3294	0
3295	0
3296	0
3297	0
3298	2
3299	0
3300	0
3301	0
3302	0
3303	1
3304	0
3305	0
3306	0
3307	2
3308	0
3309	0
3310	0
3311	1
3312	0
3313	0
3314	0
3315	0
3316	2
3317	0
3318	1
3319	2
3320	0
3321	0
3322	1
3323	0
3324	0
3325	0
3326	0
3327	0
3328	0
3329	0
3330	0
3331	0
3332	1
3333	1
3334	1
3335	1
3336	0
3337	1
3338	0
3339	1
3340	0
3341	0
3342	0
3343	0
3344	0
3345	0
3346	0
3347	0
3348	0
3349	0
3350	3
3351	0
3352	0
3353	0
3354	0
3355	1
3356	1
3357	0
3358	0
3359	0
3360	0
3361	0
3362	1
3363	0
3364	1
3365	0
3366	0
3367	0
3368	0
3369	0
3370	1
3371	1
3372	0
3373	0
3374	1
3375	1
3376	1
3377	0
3378	0
3379	0
3380	0
3381	0
3382	1
3383	1
3384	1
3385	1
3386	0
3387	1
3388	0
3389	0
3390	0
3391	0
3392	0
3393	0
3394	0
3395	0
3396	2
3397	1
3398	0
3399	0
3400	1
3401	4
3402	1
3403	0
3404	0
3405	0
3406	0
3407	0
3408	1
3409	0
3410	0
3411	0
3412	0
3413	0
3414	0
3415	0
3416	0
3417	0
3418	0
3419	0
3420	0
3421	1
3422	0
3423	1
3424	1
3425	0
3426	0
3427	0
3428	0
3429	0
3430	0
3431	0
3432	0
3433	1
3434	0
3435	0
3436	0
3437	0
3438	0
3439	0
3440	0
3441	0
3442	1
3443	0
3444	0
3445	0
3446	0
3447	0
3448	0
3449	0
3450	0
3451	0
3452	1
3453	0
3454	0
3455	1
3456	1
3457	1
3458	0
3459	0
3460	0
3461	0
3462	0
3463	1
3464	0
3465	0
3466	0
3467	0
3468	1
3469	1
3470	0
3471	1
3472	0
3473	0
3474	0
3475	0
3476	0
3477	0
3478	2
3479	0
3480	0
3481	2
3482	1
3483	0
3484	1
3485	1
3486	0
3487	0
3488	1
3489	0
3490	0
3491	0
3492	0
3493	0
3494	0
3495	0
3496	0
3497	0
3498	0
3499	0
3500	0
3501	0
3502	0
3503	1
3504	0
3505	0
3506	0
3507	0
3508	0
3509	0
3510	0
3511	0
3512	1
3513	0
3514	0
3515	0
3516	1
3517	0
3518	0
3519	0
3520	0
3521	0
3522	0
3523	0
3524	0
3525	1
3526	0
3527	0
3528	0
3529	0
3530	0
3531	0
3532	0
3533	0
3534	0
3535	0
3536	0
3537	0
3538	0
3539	0
3540	0
3541	0
3542	2
3543	0
3544	0
3545	0
3546	0
3547	0
3548	0
3549	1
3550	1
3551	0
3552	1
3553	0
3554	1
3555	1
3556	0
3557	0
3558	0
3559	0
3560	1
3561	0
3562	0
3563	0
3564	1
3565	0
3566	1
3567	0
3568	0
3569	1
3570	0
3571	0
3572	0
3573	1
3574	0
3575	0
3576	0
3577	0
3578	0
3579	0
3580	0
3581	0
3582	2
3583	0
3584	0
3585	0
3586	1
3587	2
3588	0
3589	0
3590	0
3591	0
3592	1
3593	0
3594	0
3595	1
3596	0
3597	0
3598	0
3599	0
3600	0
3601	0
3602	0
3603	1
3604	0
3605	0
3606	0
3607	0
3608	0
3609	0
3610	0
3611	0
3612	0
3613	1
3614	0
3615	0
3616	2
3617	0
3618	0
3619	0
3620	0
3621	0
3622	0
3623	0
3624	0
3625	1
3626	0
3627	0
3628	0
3629	0
3630	0
3631	1
3632	0
3633	1
3634	0
3635	0
3636	1
3637	0
3638	0
3639	0
3640	0
3641	0
3642	1
3643	0
3644	0
3645	0
3646	0
3647	1
3648	1
3649	0
3650	1
3651	0
3652	0
3653	1
3654	0
3655	0
3656	0
3657	0
3658	0
3659	0
3660	0
3661	0
3662	0
3663	0
3664	0
3665	0
3666	0
3667	0
3668	0
3669	0
3670	2
3671	1
3672	0
3673	0
3674	0
3675	0
3676	0
3677	0
3678	0
3679	0
3680	0
3681	1
3682	0
3683	0
3684	0
3685	0
3686	0
3687	0
3688	0
3689	1
3690	1
3691	0
3692	1
3693	0
3694	0
3695	0
3696	0
3697	1
3698	0
3699	1
3700	0
3701	0
3702	0
3703	0
3704	0
3705	0
3706	1
3707	0
3708	0
3709	0
3710	0
3711	1
3712	0
3713	0
3714	0
3715	0
3716	1
3717	0
3718	0
3719	0
3720	0
3721	0
3722	0
3723	0
3724	1
3725	0
3726	0
3727	0
3728	0
3729	0
3730	0
3731	0
3732	0
3733	0
3734	0
3735	0
3736	0
3737	0
3738	0
3739	0
3740	0
3741	0
3742	0
3743	0
3744	0
3745	0
3746	0
3747	0
3748	0
3749	1
3750	0
3751	1
3752	0
3753	1
3754	0
3755	0
3756	0
3757	0
3758	0
3759	0
3760	0
3761	0
3762	0
3763	0
3764	0
3765	1
3766	0
3767	0
3768	1
3769	1
3770	0
3771	0
3772	0
3773	0
3774	0
3775	0
3776	1
3777	0
3778	0
3779	0
3780	0
3781	0
3782	0
3783	0
3784	0
3785	0
3786	0
3787	0
3788	1
3789	0
3790	0
3791	0
3792	0
3793	0
3794	0
3795	0
3796	0
3797	0
3798	0
3799	0
3800	0
3801	0
3802	0
3803	0
3804	0
3805	0
3806	1
3807	1
3808	0
3809	0
3810	0
3811	1
3812	0
3813	0
3814	1
3815	0
3816	0
3817	0
3818	0
3819	0
3820	0
3821	1
3822	0
3823	0
3824	1
3825	1
3826	0
3827	0
3828	0
3829	0
3830	0
3831	0
3832	1
3833	1
3834	0
3835	0
3836	1
3837	0
3838	0
3839	1
3840	0
3841	0
3842	0
3843	0
3844	0
3845	0
3846	0
3847	0
3848	0
3849	0
3850	0
3851	0
3852	0
3853	0
3854	0
3855	1
3856	0
3857	0
3858	0
3859	0
3860	0
3861	0
3862	0
3863	0
3864	0
3865	0
3866	1
3867	0
3868	0
3869	0
3870	0
3871	0
3872	0
3873	0
3874	0
3875	0
3876	0
3877	0
3878	0
3879	0
3880	0
3881	0
3882	1
3883	0
3884	0
3885	0
3886	0
3887	0
3888	0
3889	0
3890	0
3891	0
3892	0
3893	0
3894	0
3895	0
3896	0
3897	0
3898	0
3899	0
3900	0
3901	1
3902	0
3903	0
3904	1
3905	0
3906	1
3907	1
3908	0
3909	0
3910	0
3911	0
3912	0
3913	0
3914	0
3915	0
3916	0
3917	0
3918	0
3919	0
3920	0
3921	0
3922	0
3923	0
3924	0
3925	0
3926	0
3927	0
3928	0
3929	0
3930	0
3931	0
3932	0
3933	0
3934	0
3935	0
3936	0
3937	0
3938	0
3939	0
3940	0
3941	0
3942	0
3943	0
3944	0
3945	0
3946	0
3947	0
3948	0
3949	0
3950	0
3951	0
3952	0
3953	0
3954	0
3955	0
3956	0
3957	0
3958	0
3959	1
3960	0
3961	0
3962	0
3963	0
3964	0
3965	0
3966	0
3967	0
3968	0
3969	0
3970	0
3971	0
3972	0
3973	0
3974	0
3975	0
3976	0
3977	0
3978	0
3979	0
3980	0
3981	0
3982	0
3983	0
3984	0
3985	0
3986	1
3987	1
3988	0
3989	0
3990	0
3991	0
3992	0
3993	0
3994	0
3995	0
3996	0
3997	0
3998	0
3999	0
4000	0
